5 0.7743603587150574 0.7203896641731262 0.04729213938117027 0.060434743762016296
5 0.22252368927001953 0.5592121481895447 0.04432525858283043 0.05729172006249428
5 0.2255936712026596 0.9443252682685852 0.04494976997375488 0.06022908538579941
5 0.7728153467178345 0.33644378185272217 0.04713840410113335 0.061083003878593445
5 0.18412332236766815 0.6400341987609863 0.04584474489092827 0.059324897825717926
5 0.22258992493152618 0.7187961339950562 0.04433288797736168 0.05701601132750511
5 0.8135579228401184 0.6394068002700806 0.04675159603357315 0.061365436762571335
5 0.22568534314632416 0.33437395095825195 0.04553036764264107 0.05889727175235748
5 0.774252712726593 0.5592432618141174 0.04599304124712944 0.05938784405589104
5 0.76967853307724 0.9607144594192505 0.0417170524597168 0.024695919826626778
