5 0.7738754153251648 0.7200695872306824 0.04670410230755806 0.06025189533829689
5 0.8129220008850098 0.6393893957138062 0.04652805253863335 0.06181803718209267
5 0.22215135395526886 0.5590611100196838 0.04468483850359917 0.05627785623073578
5 0.22546759247779846 0.9440606832504272 0.04453745111823082 0.05997946485877037
5 0.22242961823940277 0.7186906337738037 0.04471416398882866 0.05789241939783096
5 0.7716573476791382 0.3363542854785919 0.047692395746707916 0.06177395209670067
5 0.18356375396251678 0.6398323178291321 0.04415297508239746 0.05850328132510185
5 0.22514648735523224 0.3340369760990143 0.04520540311932564 0.05857482925057411
5 0.7735699415206909 0.5603247880935669 0.04675941541790962 0.058245666325092316
5 0.7689616084098816 0.9611819386482239 0.04068317636847496 0.026933833956718445
