4 0.3435135781764984 0.8830944299697876 0.1874256581068039 0.2302907407283783
4 0.34390079975128174 0.7050964832305908 0.18582101166248322 0.10754675418138504
4 0.6524803042411804 0.7046977877616882 0.18673868477344513 0.10771240293979645
5 0.7740095257759094 0.7207105755805969 0.046608734875917435 0.05947296321392059
4 0.6522245407104492 0.8857318162918091 0.18859882652759552 0.22853639721870422
5 0.22279758751392365 0.7195505499839783 0.043947983533144 0.05713069066405296
5 0.18406942486763 0.6409978270530701 0.04607410356402397 0.05923544988036156
5 0.7719670534133911 0.3367566466331482 0.04678383097052574 0.06103617697954178
5 0.22271239757537842 0.559550940990448 0.04375576972961426 0.057241421192884445
5 0.2258872091770172 0.335249662399292 0.045389652252197266 0.0573548898100853
5 0.8132948279380798 0.6404282450675964 0.04577694088220596 0.06109912320971489
5 0.22587020695209503 0.9446877837181091 0.04437708854675293 0.060104720294475555
5 0.774085521697998 0.559964120388031 0.046159934252500534 0.059993863105773926
5 0.7699738144874573 0.9549331665039062 0.0397886298596859 0.045329879969358444
3 0.3060353696346283 0.03622981160879135 0.03088092803955078 0.07178903371095657
1 0.303276389837265 0.03617233783006668 0.02190094068646431 0.07234467566013336
