5 0.7732316851615906 0.7213815450668335 0.04702568054199219 0.060840457677841187
5 0.22530046105384827 0.9453476667404175 0.04433899000287056 0.06053668260574341
5 0.22218799591064453 0.7207998633384705 0.04416694864630699 0.058296602219343185
5 0.1841231882572174 0.6425228118896484 0.04547758027911186 0.06210091710090637
5 0.22160346806049347 0.5615127682685852 0.04610032960772514 0.06038900092244148
5 0.22526700794696808 0.3367052376270294 0.045655298978090286 0.05923481285572052
5 0.7705991268157959 0.3385065197944641 0.04627389833331108 0.061283886432647705
5 0.7733422517776489 0.5637449026107788 0.04651908949017525 0.05783788487315178
5 0.812005341053009 0.6424322128295898 0.04648857191205025 0.05933381989598274
5 0.7684637904167175 0.9622502326965332 0.040827084332704544 0.02505525015294552
