5 0.2252296656370163 0.9467613101005554 0.04420905187726021 0.060338158160448074
5 0.2225329875946045 0.5618723034858704 0.04485034942626953 0.059545084834098816
5 0.1832922399044037 0.6426393389701843 0.04618089273571968 0.061561666429042816
5 0.7735793590545654 0.7231559157371521 0.04729500040411949 0.06041639670729637
5 0.22539520263671875 0.33726415038108826 0.04602203518152237 0.05898111313581467
5 0.8126493692398071 0.6424258947372437 0.04667205736041069 0.06124655157327652
5 0.22202491760253906 0.7224977612495422 0.04509758949279785 0.05946098640561104
5 0.7729183435440063 0.5618678331375122 0.04568500444293022 0.060935258865356445
5 0.7714546918869019 0.3393248915672302 0.04720449447631836 0.061564851552248
5 0.7684746384620667 0.9630487561225891 0.03775186464190483 0.02915034070611
5 0.7685627937316895 0.955402672290802 0.03686723858118057 0.0468604750931263
