5 0.773613452911377 0.7214592695236206 0.04712200164794922 0.060864921659231186
5 0.22229552268981934 0.5606281757354736 0.04466468095779419 0.05784428492188454
5 0.22268620133399963 0.7205511927604675 0.04470520094037056 0.057800550013780594
5 0.1832374632358551 0.6412742137908936 0.04563407972455025 0.05976501479744911
5 0.22548341751098633 0.9453033208847046 0.04490814357995987 0.06057235971093178
5 0.8134274482727051 0.6409065127372742 0.04647998884320259 0.06088671088218689
5 0.22527766227722168 0.3364025950431824 0.04596738889813423 0.05952087417244911
5 0.7720755338668823 0.3377998471260071 0.047318458557128906 0.06111632660031319
5 0.7735872268676758 0.560518205165863 0.04604091867804527 0.06089690327644348
5 0.7695390582084656 0.9619911909103394 0.04054851457476616 0.025703828781843185
