5 0.7735921144485474 0.7210811376571655 0.04719724878668785 0.060490429401397705
5 0.2225642204284668 0.5601122379302979 0.04499359056353569 0.05824499577283859
5 0.2227727472782135 0.7195943593978882 0.04512081295251846 0.058405932039022446
5 0.1834866851568222 0.6407006978988647 0.04621401056647301 0.05862458795309067
5 0.2256799042224884 0.9449477195739746 0.04515118524432182 0.05979916453361511
5 0.7737126350402832 0.5610246062278748 0.04676017910242081 0.06036517396569252
5 0.22566978633403778 0.3361944556236267 0.04532184824347496 0.059271637350320816
5 0.7712998390197754 0.3382689356803894 0.04720678552985191 0.06281428784132004
5 0.8128947615623474 0.640766441822052 0.04585685953497887 0.06098495423793793
5 0.7691853046417236 0.9623261094093323 0.040938474237918854 0.028622431680560112
