5 0.7738229036331177 0.7204071283340454 0.047182466834783554 0.06072348356246948
5 0.2227100133895874 0.5592934489250183 0.04509425163269043 0.05750633031129837
5 0.2256099432706833 0.9446618556976318 0.045319654047489166 0.060615427792072296
5 0.22538991272449493 0.3345690965652466 0.04525270685553551 0.058052908629179
5 0.18350858986377716 0.6396923661231995 0.045185185968875885 0.05934413895010948
5 0.22265152633190155 0.718689501285553 0.04509420320391655 0.05890657380223274
5 0.8127997517585754 0.6403674483299255 0.04697246477007866 0.061382509768009186
5 0.7715533375740051 0.3364253342151642 0.04717826843261719 0.061100780963897705
5 0.7733301520347595 0.5600713491439819 0.04641571268439293 0.059574104845523834
5 0.768960177898407 0.9605770707130432 0.04085588455200195 0.024924514815211296
