4 0.34359514713287354 0.8822101950645447 0.18702149391174316 0.23282377421855927
4 0.3439309597015381 0.7037358283996582 0.18562860786914825 0.10630565881729126
4 0.652550995349884 0.7051954865455627 0.18547621369361877 0.10909748077392578
5 0.7748770117759705 0.7198327779769897 0.046545982360839844 0.060319684445858
4 0.652068018913269 0.885970413684845 0.18821191787719727 0.22805920243263245
5 0.226044699549675 0.33426427841186523 0.04568367078900337 0.05873009189963341
5 0.22607623040676117 0.9442416429519653 0.04441371187567711 0.06100432202219963
5 0.7728124260902405 0.33602505922317505 0.04700880125164986 0.060875244438648224
5 0.22286896407604218 0.7180870771408081 0.04389758035540581 0.057382985949516296
5 0.18440265953540802 0.6399791836738586 0.045500852167606354 0.05877303332090378
5 0.8137702345848083 0.6387388706207275 0.04619026184082031 0.06254332512617111
5 0.22293095290660858 0.5586524605751038 0.04348606988787651 0.05647981911897659
5 0.774627685546875 0.5592674612998962 0.045527078211307526 0.059458691626787186
5 0.7701555490493774 0.9534021615982056 0.03974762186408043 0.043851274996995926
5 0.7699493765830994 0.9604795575141907 0.04092922434210777 0.02660788781940937
