5 0.7736424803733826 0.7195861339569092 0.047461509704589844 0.061299558728933334
5 0.22231805324554443 0.7188930511474609 0.04591970518231392 0.059315215796232224
5 0.22208860516548157 0.5589380860328674 0.0455293171107769 0.05732638016343117
5 0.22567681968212128 0.33437663316726685 0.045128729194402695 0.05926482006907463
5 0.22563110291957855 0.9434987902641296 0.04585857316851616 0.060657478868961334
5 0.8124357461929321 0.6392965912818909 0.04771380499005318 0.06287780404090881
5 0.1836247742176056 0.6391034722328186 0.04463033750653267 0.05847270041704178
5 0.7711123824119568 0.3370964825153351 0.04686565324664116 0.06225152686238289
5 0.7735674977302551 0.5600922703742981 0.04663581773638725 0.06115260720252991
5 0.768456757068634 0.960584819316864 0.0414891242980957 0.02597651258111
2 0.4483567774295807 0.02452879212796688 0.013007640838623047 0.021564265713095665
