4 0.3433590829372406 0.8852497339248657 0.18765564262866974 0.2292286902666092
4 0.34354472160339355 0.7070478200912476 0.18637600541114807 0.10894457250833511
4 0.6516062617301941 0.7071236968040466 0.18615074455738068 0.108452208340168
5 0.7735770344734192 0.7231342196464539 0.046259116381406784 0.059800054877996445
5 0.2256743460893631 0.9466155767440796 0.04418311268091202 0.0605078861117363
5 0.22579951584339142 0.33794689178466797 0.04555768892168999 0.05961631238460541
5 0.2223852127790451 0.7217779755592346 0.04387617111206055 0.05843014270067215
5 0.2225406914949417 0.5621697902679443 0.04520678520202637 0.0610840879380703
5 0.7711485624313354 0.33966225385665894 0.046605776995420456 0.06118959188461304
5 0.1844758242368698 0.6436325311660767 0.045931410044431686 0.061974383890628815
5 0.7740404009819031 0.5639216303825378 0.047423552721738815 0.058532845228910446
5 0.8121820688247681 0.6425970196723938 0.04584541544318199 0.06146788224577904
4 0.6520007252693176 0.8859572410583496 0.1875905990600586 0.22808557748794556
5 0.7692150473594666 0.9547051787376404 0.0392644889652729 0.04591984674334526
5 0.7692417502403259 0.9608758091926575 0.04095745086669922 0.03218107298016548
