4 0.34360191226005554 0.8861557841300964 0.1876453459262848 0.22739176452159882
4 0.34383997321128845 0.7076606154441833 0.18654070794582367 0.10866449773311615
5 0.2226611226797104 0.5615065097808838 0.04406261444091797 0.05825340747833252
5 0.7739490866661072 0.5625323057174683 0.04654502868652344 0.061358556151390076
5 0.7734643220901489 0.7230915427207947 0.047300148755311966 0.06020462140440941
5 0.18374250829219818 0.6425644755363464 0.04728858545422554 0.06020156294107437
5 0.2260378897190094 0.9463215470314026 0.04401054605841637 0.06070882827043533
5 0.22574234008789062 0.33830368518829346 0.04518613964319229 0.05999182537198067
5 0.22274063527584076 0.7218285202980042 0.044112395495176315 0.05894568935036659
5 0.7717782855033875 0.33930137753486633 0.04764261469244957 0.062486302107572556
5 0.8133277893066406 0.6421409249305725 0.045740511268377304 0.06234288960695267
4 0.651955783367157 0.7082467079162598 0.18718910217285156 0.1073509007692337
4 0.6514269709587097 0.8863497376441956 0.1892421692609787 0.22730053961277008
5 0.7698049545288086 0.9544584155082703 0.03919954225420952 0.04528604820370674
