5 0.22445788979530334 0.9485899209976196 0.04440164566040039 0.060388363897800446
5 0.7724647521972656 0.5641478896141052 0.04447593912482262 0.05952049046754837
5 0.773333728313446 0.7247400283813477 0.046996116638183594 0.06127725914120674
5 0.8122307658195496 0.6443837285041809 0.0471012108027935 0.06194673478603363
5 0.18331454694271088 0.6441043019294739 0.04645505174994469 0.059760682284832
5 0.22171612083911896 0.7237136363983154 0.04427565261721611 0.05899003520607948
5 0.22150342166423798 0.5636324286460876 0.04525480419397354 0.059501249343156815
5 0.2248387336730957 0.3388596773147583 0.04644517973065376 0.06068003177642822
5 0.7707738876342773 0.34076938033103943 0.0461668036878109 0.060311209410429
5 0.7682502865791321 0.9634873867034912 0.04049377515912056 0.02768562361598015
