5 0.7740849852561951 0.7196788191795349 0.04783478006720543 0.06102649122476578
5 0.1844175159931183 0.6398369073867798 0.0465426929295063 0.06047959625720978
5 0.22265668213367462 0.7186875939369202 0.04429016262292862 0.05781137943267822
5 0.22596648335456848 0.9448695778846741 0.044946908950805664 0.060993362218141556
5 0.7723386883735657 0.33626484870910645 0.04730262979865074 0.06138951703906059
5 0.2222905158996582 0.559026300907135 0.04466036707162857 0.05787878483533859
5 0.22569261491298676 0.3342873156070709 0.04588518291711807 0.05907948315143585
5 0.7742077708244324 0.5597094893455505 0.046615030616521835 0.05988772213459015
5 0.8133255839347839 0.6396377682685852 0.04726677015423775 0.06501225382089615
5 0.7691580057144165 0.9609189629554749 0.040719032287597656 0.025460069999098778
