5 0.7732188105583191 0.7191387414932251 0.04635763168334961 0.059554897248744965
5 0.22540383040905 0.9436718821525574 0.044675350189208984 0.05983738973736763
5 0.2218133509159088 0.5591799020767212 0.0454675555229187 0.058193136006593704
5 0.7707255482673645 0.336667537689209 0.04631099849939346 0.05992945283651352
5 0.2252316027879715 0.3341815769672394 0.0453222282230854 0.05926615744829178
5 0.22229480743408203 0.7184740304946899 0.04463232681155205 0.057711225003004074
5 0.18412871658802032 0.6397061347961426 0.04385066032409668 0.058317881077528
5 0.8120598793029785 0.6397165060043335 0.045859336853027344 0.05889293923974037
5 0.7733345031738281 0.5617331862449646 0.04573364183306694 0.05702837184071541
5 0.7686111927032471 0.961024820804596 0.041579436510801315 0.023796575143933296
2 0.8663356900215149 0.8636649250984192 0.01191787701100111 0.016423171386122704
