5 0.7737028002738953 0.7202399373054504 0.04673471674323082 0.06014447659254074
5 0.22246317565441132 0.7189406156539917 0.044587232172489166 0.05775098130106926
5 0.22220836579799652 0.5590153336524963 0.0445062629878521 0.056963130831718445
5 0.22545424103736877 0.9448352456092834 0.04477434232831001 0.06095004081726074
5 0.7717970013618469 0.3361973166465759 0.04787921905517578 0.061283886432647705
5 0.8130612373352051 0.6399804949760437 0.0463077537715435 0.060588669031858444
5 0.18342600762844086 0.640062689781189 0.044758010655641556 0.058332789689302444
5 0.2252770960330963 0.3341211676597595 0.04559345170855522 0.05940428376197815
5 0.7736000418663025 0.5601201057434082 0.046819306910037994 0.059716977179050446
5 0.7691215872764587 0.9614422917366028 0.04083538055419922 0.02371680922806263
