5 0.22291111946105957 0.5622475743293762 0.043190862983465195 0.056828320026397705
5 0.22575168311595917 0.9467117190361023 0.04478483274579048 0.060371033847332
5 0.7733604311943054 0.7235645651817322 0.04759712144732475 0.061071980744600296
5 0.182969331741333 0.6432695984840393 0.04590864107012749 0.058698620647192
5 0.8138014078140259 0.6410900950431824 0.04760437086224556 0.06385067850351334
5 0.22253699600696564 0.722811222076416 0.04510321840643883 0.05885165184736252
5 0.7736900448799133 0.5625092387199402 0.04671983793377876 0.06045245751738548
5 0.772088885307312 0.339739054441452 0.047536373138427734 0.06208899989724159
5 0.2254442274570465 0.3379119634628296 0.04574108123779297 0.059744883328676224
5 0.7696352601051331 0.9630555510520935 0.0414576530456543 0.027393445372581482
