5 0.22452802956104279 0.9466444253921509 0.044255923479795456 0.06019417196512222
5 0.7722305655479431 0.7230103611946106 0.04780120775103569 0.06031700596213341
5 0.22516663372516632 0.3378966152667999 0.04533796384930611 0.059634916484355927
5 0.22151611745357513 0.5621399283409119 0.046517278999090195 0.06105860322713852
5 0.18401573598384857 0.6436403393745422 0.0444108247756958 0.06141563877463341
5 0.22143487632274628 0.7216270565986633 0.04451247677206993 0.059456270188093185
5 0.77054762840271 0.3396935760974884 0.04702434688806534 0.06198317930102348
5 0.7733062505722046 0.5639844536781311 0.04790010675787926 0.057931412011384964
5 0.8112627863883972 0.6426343321800232 0.046311188489198685 0.060942392796278
5 0.7685428857803345 0.9625942707061768 0.04127025604248047 0.026766784489154816
