5 0.2225044220685959 0.5618596076965332 0.04489607736468315 0.05855119228363037
5 0.7733245491981506 0.5626093745231628 0.04643383249640465 0.06143653765320778
5 0.22507058084011078 0.9466865062713623 0.04552660137414932 0.06054968014359474
5 0.7735908627510071 0.722992479801178 0.047528840601444244 0.060837142169475555
5 0.8130451440811157 0.640954852104187 0.0480005256831646 0.06454180926084518
5 0.22185294330120087 0.7226929068565369 0.04539651796221733 0.05949029326438904
5 0.7714294791221619 0.3395140469074249 0.047742463648319244 0.06280415505170822
5 0.22551751136779785 0.33815649151802063 0.04531431198120117 0.060298021882772446
5 0.18336184322834015 0.6428932547569275 0.04570303112268448 0.05935624614357948
5 0.7690618634223938 0.9623737931251526 0.04055290296673775 0.02854342944920063
