4 0.3432276248931885 0.8835520148277283 0.18686743080615997 0.23115377128124237
4 0.34357309341430664 0.7047653198242188 0.18630428612232208 0.10876668989658356
5 0.18322138488292694 0.6398047804832458 0.04720499739050865 0.06163378804922104
4 0.6524055600166321 0.8845407366752625 0.18760566413402557 0.23091855645179749
5 0.7739455699920654 0.7203583121299744 0.04727888107299805 0.06066257506608963
4 0.6520819067955017 0.7060399055480957 0.18596401810646057 0.10652100294828415
5 0.22567319869995117 0.9443733096122742 0.044568635523319244 0.060601286590099335
5 0.7723008990287781 0.3364139497280121 0.04720649868249893 0.06127993389964104
5 0.2223728448152542 0.7185767889022827 0.04398665577173233 0.05731838569045067
5 0.813549816608429 0.6396898627281189 0.046866416931152344 0.06290176510810852
5 0.22562280297279358 0.3343687057495117 0.045488547533750534 0.05882515013217926
5 0.2225378304719925 0.5599575638771057 0.04517116770148277 0.05913975462317467
5 0.7739933133125305 0.5589967966079712 0.04513435438275337 0.05964953824877739
5 0.7697557806968689 0.9540693163871765 0.03973846510052681 0.04326513409614563
5 0.7698981761932373 0.9603090286254883 0.04088106378912926 0.02732374519109726
