5 0.7735083103179932 0.7219312191009521 0.04743451997637749 0.061288729310035706
5 0.18316128849983215 0.6418612003326416 0.04560995101928711 0.05988912284374237
5 0.8119356036186218 0.6420446634292603 0.047078896313905716 0.062405072152614594
5 0.22434745728969574 0.9456931352615356 0.04462909698486328 0.06049998477101326
5 0.22161124646663666 0.7211176156997681 0.04415607452392578 0.05887255072593689
5 0.2218945473432541 0.5611579418182373 0.04418173059821129 0.05825965106487274
5 0.22553817927837372 0.33641210198402405 0.0452757366001606 0.058684349060058594
5 0.7730532884597778 0.5617859363555908 0.045519065111875534 0.06050199270248413
5 0.770997166633606 0.33890190720558167 0.04627399519085884 0.06197706237435341
5 0.7687188982963562 0.9624001979827881 0.040499497205019 0.025208666920661926
