4 0.3421884775161743 0.8837828636169434 0.18785329163074493 0.23164767026901245
4 0.3426050841808319 0.7054274082183838 0.18470001220703125 0.10843691974878311
4 0.6506995558738708 0.7054868340492249 0.1856389045715332 0.10933728516101837
5 0.772794246673584 0.7217584252357483 0.04735393449664116 0.061029043048620224
5 0.22178195416927338 0.5618051290512085 0.04482316970825195 0.05906011536717415
5 0.7734131813049316 0.5627010464668274 0.04673776775598526 0.061325933784246445
5 0.22477860748767853 0.9454426765441895 0.04446697235107422 0.06077292189002037
4 0.6504911184310913 0.8858453631401062 0.1888234168291092 0.22830933332443237
5 0.22172172367572784 0.7212458848953247 0.04456920549273491 0.05949908494949341
5 0.22493214905261993 0.3370628356933594 0.045355986803770065 0.06002062186598778
5 0.18358758091926575 0.6417698860168457 0.043646764010190964 0.057691093534231186
5 0.7704386711120605 0.33889153599739075 0.04702034220099449 0.062385767698287964
5 0.8116057515144348 0.6424931287765503 0.04562358930706978 0.06049896404147148
5 0.7687069773674011 0.9553990960121155 0.03990602493286133 0.04653669521212578
