5 0.18213298916816711 0.6416404247283936 0.047168780118227005 0.061262987554073334
5 0.221159890294075 0.7204802632331848 0.04516218975186348 0.05769325792789459
5 0.7720569372177124 0.7220423221588135 0.04777021333575249 0.06117736175656319
5 0.22422580420970917 0.946064293384552 0.04452915117144585 0.06033841520547867
5 0.22142505645751953 0.5614045262336731 0.044711410999298096 0.05927342176437378
5 0.7705895304679871 0.33871957659721375 0.04687004163861275 0.06101961061358452
5 0.2237766832113266 0.3371117413043976 0.044873904436826706 0.06032344326376915
5 0.7717620134353638 0.5609576106071472 0.0452386848628521 0.05999755859375
5 0.811829686164856 0.6418241858482361 0.04630432277917862 0.06133205071091652
5 0.7680514454841614 0.9625433087348938 0.040401458740234375 0.025119217112660408
