5 0.7741759419441223 0.72211092710495 0.047309111803770065 0.06137460842728615
5 0.2229870855808258 0.720459520816803 0.044440459460020065 0.05844415724277496
5 0.2227257341146469 0.5615696907043457 0.045455314218997955 0.06043675169348717
5 0.22621288895606995 0.9458312392234802 0.04458513483405113 0.06066716089844704
5 0.2261209487915039 0.3369462490081787 0.0459478385746479 0.059493862092494965
5 0.8132070899009705 0.6421571969985962 0.045964766293764114 0.060302991420030594
5 0.18512248992919922 0.6414898037910461 0.04591689258813858 0.06312793493270874
5 0.7746023535728455 0.5635839104652405 0.04759388044476509 0.058420583605766296
5 0.7717553973197937 0.3386622369289398 0.047347452491521835 0.06152050942182541
5 0.7699255347251892 0.962524950504303 0.041321754455566406 0.02604888752102852
