5 0.18261928856372833 0.640577495098114 0.04695749282836914 0.06146737188100815
5 0.7735599875450134 0.7216864824295044 0.04767417907714844 0.06098125874996185
5 0.22197571396827698 0.7206230163574219 0.0442357063293457 0.05790083110332489
5 0.22499389946460724 0.9455995559692383 0.044405270367860794 0.060611478984355927
5 0.2219407856464386 0.561228334903717 0.04582185670733452 0.05948955938220024
5 0.22501234710216522 0.3363555669784546 0.04583330079913139 0.06000189110636711
5 0.7715142369270325 0.33846887946128845 0.04764976724982262 0.062291476875543594
5 0.8128166198730469 0.6414570808410645 0.04648647457361221 0.06134428456425667
5 0.7731741666793823 0.560498058795929 0.04596224054694176 0.06102728843688965
5 0.7689862251281738 0.9620962738990784 0.04067955166101456 0.025476763024926186
