5 0.7737213969230652 0.720568060874939 0.047446440905332565 0.06049030274152756
5 0.1827765256166458 0.6393412947654724 0.04731297492980957 0.06343705952167511
5 0.22253404557704926 0.7191500067710876 0.04430222511291504 0.05788426473736763
5 0.2223052978515625 0.5596874952316284 0.04637856408953667 0.05935688316822052
5 0.22528862953186035 0.9442653656005859 0.044611167162656784 0.060504570603370667
5 0.22557926177978516 0.3346531391143799 0.04580516740679741 0.05948933586478233
5 0.8129423260688782 0.6401103734970093 0.04634704813361168 0.06064499169588089
5 0.7711477279663086 0.3369128704071045 0.04773235321044922 0.061809755861759186
5 0.7739939093589783 0.5612900257110596 0.048049069941043854 0.059098564088344574
5 0.7693517804145813 0.9611760973930359 0.04141359403729439 0.02509182132780552
