5 0.18313531577587128 0.6413430571556091 0.04751644283533096 0.06207237392663956
5 0.2227618247270584 0.7205555438995361 0.04469442367553711 0.05750569328665733
5 0.7737884521484375 0.7224906086921692 0.04749908670783043 0.060633521527051926
5 0.22569124400615692 0.9459353089332581 0.04483456537127495 0.06066614389419556
5 0.2225639373064041 0.561456561088562 0.04546718671917915 0.06037969887256622
5 0.22558322548866272 0.3372126519680023 0.04568643495440483 0.06039486080408096
5 0.8134870529174805 0.641250491142273 0.0473083034157753 0.0634743943810463
5 0.7722341418266296 0.33911049365997314 0.04735994338989258 0.062773197889328
5 0.7739841341972351 0.5608633160591125 0.04617710039019585 0.06097297742962837
5 0.7696651816368103 0.9620611667633057 0.04115333780646324 0.026238365098834038
