4 0.34286466240882874 0.8841277956962585 0.18750344216823578 0.23174449801445007
4 0.3435486853122711 0.7056571245193481 0.18573914468288422 0.10829879343509674
4 0.6513281464576721 0.7046951055526733 0.18692807853221893 0.10788670927286148
5 0.22217369079589844 0.7201139330863953 0.04548239707946777 0.059069544076919556
5 0.7737451195716858 0.7213124632835388 0.04752941057085991 0.06218463182449341
5 0.22216705977916718 0.560866117477417 0.04522515460848808 0.05901398882269859
5 0.2256201058626175 0.33700594305992126 0.04561924934387207 0.06002330034971237
5 0.7735530138015747 0.5618083477020264 0.046762850135564804 0.06104767695069313
5 0.22549057006835938 0.945320725440979 0.0452054999768734 0.06126706674695015
5 0.18338890373706818 0.6410568356513977 0.044719744473695755 0.05913070961833
5 0.7709183692932129 0.3391435742378235 0.04665012285113335 0.06290902942419052
5 0.8126282691955566 0.6409271955490112 0.04725513607263565 0.06252981722354889
4 0.6502826809883118 0.8843981623649597 0.18762759864330292 0.23120371997356415
5 0.7691470980644226 0.9544070363044739 0.040175821632146835 0.044819172471761703
5 0.7689259648323059 0.9600928425788879 0.040958404541015625 0.03007950261235237
