5 0.22239410877227783 0.5612274408340454 0.04513263702392578 0.058620765805244446
5 0.7735782861709595 0.722200334072113 0.04753837734460831 0.062368884682655334
5 0.22251486778259277 0.7209920287132263 0.04523668438196182 0.05845842882990837
5 0.1834515780210495 0.6414923667907715 0.04557538032531738 0.059626124799251556
5 0.22553519904613495 0.9460369348526001 0.04484977945685387 0.06053553521633148
5 0.7732086181640625 0.5623947381973267 0.04666033014655113 0.06051450967788696
5 0.8126317858695984 0.642369270324707 0.046656228601932526 0.06164729222655296
5 0.7713959217071533 0.3390088379383087 0.047101784497499466 0.06281664222478867
5 0.22544823586940765 0.3366060256958008 0.04473600536584854 0.05971672013401985
5 0.7689501643180847 0.9618797302246094 0.040605831891298294 0.02758738212287426
