5 0.7731449007987976 0.7190513610839844 0.04649524763226509 0.05965976417064667
5 0.22534997761249542 0.9435719847679138 0.04472680017352104 0.05972908064723015
5 0.22178931534290314 0.5593642592430115 0.04575749859213829 0.05838070064783096
5 0.7706619501113892 0.336642861366272 0.04634380340576172 0.059739019721746445
5 0.22520017623901367 0.33436256647109985 0.045241501182317734 0.05904323235154152
5 0.22214464843273163 0.7185265421867371 0.04452362284064293 0.05773875117301941
5 0.1841513216495514 0.6396854519844055 0.04376835748553276 0.05828755721449852
5 0.8119973540306091 0.6397426128387451 0.04584846645593643 0.05880272388458252
5 0.7731711268424988 0.5616368055343628 0.04571991041302681 0.05714165046811104
5 0.7686975002288818 0.9610281586647034 0.041681673377752304 0.02385442517697811
2 0.8657986521720886 0.8635845184326172 0.011176872067153454 0.015784787014126778
