5 0.22642531991004944 0.9469619989395142 0.044020939618349075 0.05935879424214363
5 0.7740532755851746 0.723432183265686 0.046747684478759766 0.06033344566822052
5 0.8131855130195618 0.6437560319900513 0.04645824432373047 0.06001501530408859
5 0.22321057319641113 0.7225507497787476 0.04479065164923668 0.05910981073975563
5 0.18514889478683472 0.6438359022140503 0.04427468776702881 0.06066741794347763
5 0.7722196578979492 0.34006837010383606 0.04654255136847496 0.06072794273495674
5 0.7752341628074646 0.564386248588562 0.04793672636151314 0.05894085019826889
5 0.226373553276062 0.3379366397857666 0.04465213045477867 0.058942634612321854
5 0.22368402779102325 0.5627362728118896 0.04539060592651367 0.06020643562078476
5 0.7700059413909912 0.9630084037780762 0.04170083999633789 0.028054766356945038
