5 0.774304211139679 0.5633630156517029 0.04555158689618111 0.06106535717844963
5 0.225810244679451 0.9467076659202576 0.04407043382525444 0.059971947222948074
5 0.7741140127182007 0.7237231731414795 0.047421932220458984 0.06125636398792267
5 0.22260943055152893 0.7229814529418945 0.045265402644872665 0.06060345098376274
5 0.8132818341255188 0.6419233083724976 0.04660983011126518 0.06331371515989304
5 0.22638915479183197 0.33815798163414 0.04526686668395996 0.06015893816947937
5 0.22240212559700012 0.5630161762237549 0.04528455808758736 0.05979097634553909
5 0.7716988921165466 0.33978548645973206 0.04578990861773491 0.061248909682035446
5 0.18478798866271973 0.6422925591468811 0.045693397521972656 0.05931445211172104
5 0.7693315744400024 0.9621126055717468 0.04055538401007652 0.027922246605157852
