5 0.18122129142284393 0.6412913799285889 0.0479244701564312 0.06202599033713341
5 0.7720631957054138 0.7230275273323059 0.04759197309613228 0.06090327724814415
5 0.22082296013832092 0.7221928238868713 0.04527268558740616 0.058758124709129333
5 0.7718519568443298 0.5619118809700012 0.0457674041390419 0.06129293143749237
5 0.22080464661121368 0.5622374415397644 0.04574742540717125 0.06036045774817467
5 0.8119849562644958 0.6425376534461975 0.047322846949100494 0.061930425465106964
5 0.22408591210842133 0.9470208883285522 0.044820308685302734 0.060563694685697556
5 0.7706036567687988 0.3389187753200531 0.04755229875445366 0.06106981635093689
5 0.22394295036792755 0.3374992609024048 0.04599008709192276 0.059946972876787186
5 0.7680023312568665 0.9623915553092957 0.041046906262636185 0.02601703256368637
