4 0.34325823187828064 0.883086621761322 0.1872519552707672 0.23026156425476074
4 0.3435002565383911 0.7051581740379333 0.18615928292274475 0.10845132172107697
4 0.6518339514732361 0.7059699892997742 0.18595390021800995 0.1085546612739563
5 0.2228405475616455 0.7203192114830017 0.04437389597296715 0.058366939425468445
5 0.7733460664749146 0.7217847108840942 0.047182466834783554 0.061608556658029556
4 0.6518680453300476 0.8864380121231079 0.188201904296875 0.22712405025959015
5 0.18346135318279266 0.6413723230361938 0.04627871513366699 0.060523685067892075
5 0.22279119491577148 0.5604203343391418 0.044219017028808594 0.05820406228303909
5 0.22543898224830627 0.3357352912425995 0.04542746767401695 0.05963020399212837
5 0.22567228972911835 0.9453303813934326 0.04500913619995117 0.06119469180703163
5 0.771658182144165 0.3373817801475525 0.04740571975708008 0.06108759343624115
5 0.8131204843521118 0.6413841843605042 0.04556331783533096 0.06022984907031059
5 0.773481011390686 0.5599769949913025 0.0460599921643734 0.06132962927222252
5 0.7700608372688293 0.954137921333313 0.03983192518353462 0.045517448335886
5 0.7699106335639954 0.9601468443870544 0.04065341874957085 0.02998826839029789
