5 0.7738173604011536 0.7205374836921692 0.04694366455078125 0.060226283967494965
5 0.22270183265209198 0.7190874814987183 0.044881727546453476 0.05819198861718178
5 0.22218742966651917 0.5594391226768494 0.04435396194458008 0.05666496232151985
5 0.22569361329078674 0.9445123076438904 0.04499363899230957 0.06088326871395111
5 0.7719284296035767 0.3364730179309845 0.04787921905517578 0.06201331317424774
5 0.8130108118057251 0.639417827129364 0.046293068677186966 0.06174744665622711
5 0.1834334135055542 0.6401140689849854 0.0448153018951416 0.058284878730773926
5 0.2251967042684555 0.3343014419078827 0.04577941820025444 0.059250228106975555
5 0.7736868262290955 0.5603142380714417 0.04691333696246147 0.05845881253480911
5 0.769402027130127 0.9603420495986938 0.04092216491699219 0.026202304288744926
