5 0.18237189948558807 0.6436432600021362 0.04732685163617134 0.05968958139419556
5 0.22153349220752716 0.5617608428001404 0.04400954395532608 0.05746941268444061
5 0.22427694499492645 0.9473774433135986 0.044365979731082916 0.061216097325086594
5 0.22104163467884064 0.7223162651062012 0.04511432722210884 0.05935497209429741
5 0.8119657635688782 0.6418609023094177 0.04701824113726616 0.06350281089544296
5 0.7710211873054504 0.33835041522979736 0.047060202807188034 0.060993362218141556
5 0.7725116610527039 0.5621968507766724 0.04460449144244194 0.06008407846093178
5 0.7724701762199402 0.7247161865234375 0.0476895347237587 0.06374873965978622
5 0.22435402870178223 0.3375798463821411 0.04590253904461861 0.05943014845252037
1 0.89007169008255 0.7868454456329346 0.038768768310546875 0.06998974084854126
1 0.8155977129936218 0.813601553440094 0.01853790320456028 0.022371487691998482
5 0.769146740436554 0.9620715975761414 0.03885917738080025 0.025502247735857964
0 0.7630475759506226 0.8559162616729736 0.01840057410299778 0.11094968765974045
2 0.4319475591182709 0.02404010109603405 0.013518238440155983 0.02023996040225029
0 0.7641395330429077 0.8545601963996887 0.024065304547548294 0.12819740176200867
