4 0.3432691991329193 0.8824965357780457 0.18733420968055725 0.2322307527065277
4 0.3437739312648773 0.7033979296684265 0.18579106032848358 0.10876516252756119
4 0.6524214744567871 0.7039496302604675 0.1862124502658844 0.10838773846626282
4 0.6519031524658203 0.8850203156471252 0.18801479041576385 0.22995944321155548
5 0.7734182476997375 0.7186907529830933 0.0462799072265625 0.05906648561358452
5 0.22563958168029785 0.9435654282569885 0.04434671625494957 0.06018563359975815
5 0.7713299989700317 0.33627134561538696 0.04639739915728569 0.06001278758049011
5 0.22570276260375977 0.334037721157074 0.045240212231874466 0.058747548609972
5 0.222279354929924 0.5592966079711914 0.04430399090051651 0.05855017155408859
5 0.2222791165113449 0.7183151245117188 0.04365744814276695 0.05766203999519348
5 0.18467512726783752 0.6398884654045105 0.04516782984137535 0.058947473764419556
5 0.7734889388084412 0.5615666508674622 0.046651650220155716 0.05776219442486763
5 0.8124975562095642 0.6408377885818481 0.04467182233929634 0.057468488812446594
5 0.7695521712303162 0.9537129998207092 0.04009408876299858 0.04145510494709015
2 0.7230357527732849 0.06334887444972992 0.014353180304169655 0.02370675839483738
5 0.7693120837211609 0.9603652954101562 0.04108600690960884 0.025288943201303482
