5 0.773646354675293 0.7202191352844238 0.04682312160730362 0.06005821377038956
5 0.22245745360851288 0.7189640998840332 0.04465818405151367 0.058202821761369705
5 0.22223030030727386 0.5591598153114319 0.044610645622015 0.05676944926381111
5 0.2254100888967514 0.9448269009590149 0.04494304582476616 0.06077725440263748
5 0.7716941833496094 0.3363337814807892 0.04767933115363121 0.061174556612968445
5 0.813096821308136 0.6399787664413452 0.046373557299375534 0.060704879462718964
5 0.18347887694835663 0.6400545239448547 0.04456346109509468 0.05830908939242363
5 0.2252148687839508 0.33415624499320984 0.045563794672489166 0.059339363127946854
5 0.7735333442687988 0.5601224899291992 0.046883583068847656 0.059193145483732224
5 0.7691201567649841 0.9613884687423706 0.04100608825683594 0.02377975545823574
