4 0.342187 0.884134 0.187500 0.231733
4 0.342969 0.704593 0.185938 0.110647
5 0.773438 0.721294 0.046875 0.060543
5 0.182812 0.639875 0.046875 0.060543
5 0.221875 0.719207 0.043750 0.056367
4 0.651563 0.704593 0.187500 0.106472
5 0.225000 0.944676 0.043750 0.060543
5 0.771875 0.336117 0.046875 0.062630
4 0.651563 0.885177 0.187500 0.229645
5 0.773438 0.559499 0.046875 0.058455
5 0.221875 0.559499 0.043750 0.058455
5 0.225781 0.334029 0.045312 0.058455
5 0.813281 0.639875 0.045312 0.060543
5 0.769531 0.953027 0.039062 0.043841
