5 0.773432731628418 0.7220503091812134 0.04753990098834038 0.062046632170677185
5 0.22134582698345184 0.7207306623458862 0.04402313381433487 0.05691611394286156
5 0.18283535540103912 0.641413688659668 0.04631936550140381 0.05945512279868126
5 0.812107264995575 0.6421235203742981 0.04698944091796875 0.062280070036649704
5 0.22424574196338654 0.9458520412445068 0.04424629360437393 0.060781076550483704
5 0.22157259285449982 0.5606958270072937 0.04341783747076988 0.05721517279744148
5 0.7708768844604492 0.33830544352531433 0.04695949703454971 0.0625438317656517
5 0.7727010250091553 0.561205267906189 0.04551086574792862 0.06014740839600563
5 0.2243203967809677 0.33693385124206543 0.04584784433245659 0.05957254394888878
5 0.7684042453765869 0.9626017212867737 0.040877532213926315 0.025392919778823853
1 0.6166937351226807 0.4869479238986969 0.01640472374856472 0.02255905233323574
1 0.21897463500499725 0.46115705370903015 0.01852293126285076 0.017266450449824333
