5 0.22552552819252014 0.9475011229515076 0.044591616839170456 0.05948137491941452
5 0.7735559344291687 0.7238867282867432 0.04764080047607422 0.06177636981010437
5 0.7732014656066895 0.5640007257461548 0.04480762407183647 0.05909464880824089
5 0.22254107892513275 0.7229541540145874 0.044573452323675156 0.05854431167244911
5 0.813269317150116 0.6435043811798096 0.04673118516802788 0.06119774654507637
5 0.22200040519237518 0.5634628534317017 0.04496774822473526 0.05860381945967674
5 0.7712703347206116 0.34025782346725464 0.04640083387494087 0.06094035506248474
5 0.22549131512641907 0.3385145664215088 0.0453585647046566 0.0597987174987793
5 0.18316523730754852 0.6429120898246765 0.04583263397216797 0.05797078460454941
5 0.7695825695991516 0.9629589319229126 0.041190244257450104 0.027936389669775963
