5 0.22107063233852386 0.7207040190696716 0.04456537961959839 0.057871013879776
5 0.7730252146720886 0.7220085859298706 0.04719553142786026 0.06105223298072815
5 0.18285709619522095 0.6423965692520142 0.04688718542456627 0.05998010188341141
5 0.22117860615253448 0.5610769391059875 0.04411010816693306 0.05763999745249748
5 0.22442932426929474 0.9459725618362427 0.044294025748968124 0.060192644596099854
5 0.8118200302124023 0.6411670446395874 0.04696216806769371 0.06228797137737274
5 0.22431199252605438 0.3366045653820038 0.046006347984075546 0.06002622842788696
5 0.7711219787597656 0.3384866416454315 0.047319795936346054 0.06238952651619911
5 0.7730244994163513 0.5612007975578308 0.045667171478271484 0.06016244366765022
5 0.7687687277793884 0.9635412693023682 0.04076853021979332 0.02900444157421589
