5 0.7747129797935486 0.7192896604537964 0.04686231538653374 0.05981547385454178
5 0.7724211812019348 0.33645880222320557 0.04654350504279137 0.06126031279563904
5 0.22342978417873383 0.7186185121536255 0.045545198023319244 0.058315716683864594
5 0.2266315519809723 0.9431936144828796 0.04436345025897026 0.06048622354865074
5 0.8134080171585083 0.6397998332977295 0.04674377664923668 0.060852181166410446
5 0.22653332352638245 0.3344510793685913 0.045682620257139206 0.05849665403366089
5 0.22328412532806396 0.5587494373321533 0.04582233354449272 0.05833457410335541
5 0.775042712688446 0.5601806044578552 0.0467924140393734 0.06068908050656319
5 0.18492844700813293 0.6392810940742493 0.04367480427026749 0.05806507542729378
5 0.769407331943512 0.9606486558914185 0.041527558118104935 0.02487647719681263
