5 0.7734191417694092 0.7204017043113708 0.04693784937262535 0.059794194996356964
5 0.22214530408382416 0.7194951772689819 0.044698428362607956 0.05891842395067215
5 0.2250574827194214 0.9449730515480042 0.04468364641070366 0.060743872076272964
5 0.2223747819662094 0.5592477321624756 0.044523146003484726 0.05705462023615837
5 0.8128326535224915 0.6402378082275391 0.04662361368536949 0.06185167655348778
5 0.22521595656871796 0.33465591073036194 0.045243073254823685 0.058137454092502594
5 0.18336886167526245 0.6402570605278015 0.044197868555784225 0.057547107338905334
5 0.7712945342063904 0.3364264965057373 0.04677009582519531 0.06120947003364563
5 0.7730064392089844 0.5599417686462402 0.04520855098962784 0.05892364680767059
5 0.7692483067512512 0.9619050621986389 0.039894964545965195 0.02472267858684063
