4 0.34271952509880066 0.8859495520591736 0.18749013543128967 0.22783023118972778
4 0.3429461121559143 0.7078022360801697 0.18609590828418732 0.10819010436534882
5 0.18330612778663635 0.6413249373435974 0.0456480048596859 0.06055375561118126
4 0.6515984535217285 0.8852089047431946 0.18790531158447266 0.229582279920578
4 0.6511486172676086 0.7064651250839233 0.1868331879377365 0.1060643196105957
5 0.7735231518745422 0.7222574353218079 0.04653167724609375 0.060317263007164
5 0.2218354195356369 0.7210332751274109 0.04400315508246422 0.05830119177699089
5 0.22485676407814026 0.9459859728813171 0.04380540922284126 0.05996481329202652
5 0.22535376250743866 0.33692073822021484 0.04576105996966362 0.05984892323613167
5 0.8122243285179138 0.6421847939491272 0.046460725367069244 0.06120590493083
5 0.7731254696846008 0.5610775947570801 0.04516296461224556 0.060887984931468964
5 0.22253699600696564 0.561233639717102 0.04399466514587402 0.05819861590862274
5 0.7711509466171265 0.338562548160553 0.046759605407714844 0.06153210252523422
5 0.7690227031707764 0.9543284773826599 0.03894023969769478 0.04562486335635185
5 0.7687251567840576 0.9604067802429199 0.03956098482012749 0.030275987461209297
