5 0.22291718423366547 0.719978928565979 0.044327735900878906 0.05930820852518082
5 0.774899423122406 0.7211953997612 0.0473780632019043 0.06054381653666496
5 0.8135198950767517 0.640206515789032 0.04759259149432182 0.06236047297716141
5 0.22295716404914856 0.5601094961166382 0.044524192810058594 0.05823964625597
5 0.22631672024726868 0.33563774824142456 0.04556245729327202 0.05870244279503822
5 0.22594518959522247 0.9449748396873474 0.043831732124090195 0.06017276644706726
5 0.7726554274559021 0.33703020215034485 0.04663410410284996 0.061201062053442
5 0.1845688819885254 0.6414472460746765 0.04543590545654297 0.059428874403238297
5 0.774713933467865 0.5599491596221924 0.04561576992273331 0.060837272554636
5 0.7696776390075684 0.9621166586875916 0.041577912867069244 0.02527390606701374
