5 0.22224073112010956 0.5631003975868225 0.04547419771552086 0.0597369484603405
5 0.22535648941993713 0.9467827677726746 0.044591616839170456 0.05971519276499748
5 0.7729471325874329 0.7229489684104919 0.04705085977911949 0.059570059180259705
5 0.18389883637428284 0.6438686847686768 0.04514284059405327 0.06093882769346237
5 0.22530245780944824 0.33819401264190674 0.04533576965332031 0.059857141226530075
5 0.22232425212860107 0.7228487730026245 0.0455535426735878 0.05924130976200104
5 0.7738620638847351 0.564338207244873 0.047605134546756744 0.0586426816880703
5 0.7706212997436523 0.34013673663139343 0.04679002985358238 0.06033363565802574
5 0.8117195963859558 0.6435297727584839 0.04599800333380699 0.059394724667072296
5 0.7687453627586365 0.9630756378173828 0.04082202911376953 0.027456391602754593
1 0.6706106066703796 0.7070978283882141 0.013895225711166859 0.021518651396036148
