5 0.7748929262161255 0.7196330428123474 0.04708900675177574 0.06032669171690941
5 0.18439623713493347 0.6392062902450562 0.04598572477698326 0.059386443346738815
5 0.772777795791626 0.33624836802482605 0.0469423308968544 0.06119634583592415
5 0.22613799571990967 0.9439151883125305 0.044338226318359375 0.059554003179073334
5 0.2228527069091797 0.559727668762207 0.044893838465213776 0.05865640938282013
5 0.813640296459198 0.6394616365432739 0.04686450958251953 0.06087498739361763
5 0.22309918701648712 0.7185714244842529 0.04459867626428604 0.057878147810697556
5 0.22623811662197113 0.3340846598148346 0.04570913314819336 0.05909222736954689
5 0.7746562361717224 0.5589429140090942 0.046196747571229935 0.05999873951077461
5 0.7697499990463257 0.9607955813407898 0.0416596420109272 0.024934327229857445
