5 0.22238896787166595 0.5618979930877686 0.04601774364709854 0.060675062239170074
5 0.22548341751098633 0.9465906620025635 0.04427232965826988 0.060735080391168594
5 0.7737535834312439 0.7229506373405457 0.047075845301151276 0.06016295403242111
5 0.2223203182220459 0.7219526767730713 0.044536590576171875 0.05869568884372711
5 0.1840159147977829 0.6430009603500366 0.04587249830365181 0.06389030069112778
5 0.22556595504283905 0.33746376633644104 0.04562726244330406 0.05964077636599541
5 0.7737833857536316 0.5642344951629639 0.04788989946246147 0.0582130141556263
5 0.8127912878990173 0.6430185437202454 0.046251680701971054 0.06090289354324341
5 0.7710933685302734 0.33946123719215393 0.047556113451719284 0.061626266688108444
5 0.7691856622695923 0.9623022079467773 0.04030666500329971 0.026122920215129852
