5 0.22228394448757172 0.5615313649177551 0.04428815841674805 0.05740334093570709
5 0.22499938309192657 0.9460940361022949 0.04494486004114151 0.06016448140144348
5 0.7733006477355957 0.722935676574707 0.04694252088665962 0.060947235673666
5 0.7734187245368958 0.5627230405807495 0.046190738677978516 0.060173530131578445
5 0.22536979615688324 0.33758559823036194 0.04519300535321236 0.05919671058654785
5 0.22208014130592346 0.7215661406517029 0.04472419247031212 0.058556798845529556
5 0.7710103988647461 0.3387540578842163 0.04659004136919975 0.061296626925468445
5 0.8116853833198547 0.6424412131309509 0.046549227088689804 0.061629071831703186
5 0.18364718556404114 0.6425409317016602 0.04433579370379448 0.058509524911642075
5 0.7679926753044128 0.9618489742279053 0.04027128219604492 0.026790229603648186
