4 0.3427616059780121 0.8844392895698547 0.18689775466918945 0.2294333279132843
4 0.34315168857574463 0.7062487602233887 0.1858416050672531 0.10916144400835037
5 0.7739166617393494 0.7196911573410034 0.046750258654356 0.060318537056446075
4 0.6517548561096191 0.70425945520401 0.18675051629543304 0.10671086609363556
5 0.18328174948692322 0.6395448446273804 0.04530198499560356 0.05990823730826378
5 0.22546985745429993 0.3343263268470764 0.04545769840478897 0.05887509882450104
5 0.8125495910644531 0.6396948099136353 0.04579920694231987 0.061488524079322815
5 0.22528517246246338 0.9439939856529236 0.04434943199157715 0.06046825647354126
4 0.6512970924377441 0.8846591711044312 0.18810681998729706 0.2306816726922989
5 0.7712430953979492 0.3363361060619354 0.04668598249554634 0.060786813497543335
5 0.22214455902576447 0.7187114953994751 0.044513653963804245 0.058021243661642075
5 0.7729257941246033 0.559371829032898 0.04551095888018608 0.059549130499362946
5 0.2226238250732422 0.5590449571609497 0.04409527778625488 0.05720701813697815
5 0.7695832848548889 0.9535378813743591 0.039162348955869675 0.04441779479384422
5 0.7692490816116333 0.9598284363746643 0.039994239807128906 0.028830256313085556
