5 0.22552552819252014 0.9489400386810303 0.04442734643816948 0.05869084596633911
5 0.7738413214683533 0.7254156470298767 0.047440338879823685 0.061114415526390076
5 0.8132586479187012 0.644438624382019 0.04713306576013565 0.0616065189242363
5 0.22265009582042694 0.7245503067970276 0.044877149164676666 0.05865924805402756
5 0.7718719244003296 0.34164032340049744 0.046647071838378906 0.06065461039543152
5 0.2263876050710678 0.3395380973815918 0.04583244398236275 0.059153515845537186
5 0.774574875831604 0.5653163194656372 0.04580526426434517 0.05744822695851326
5 0.2228555977344513 0.5640767216682434 0.045803215354681015 0.057477790862321854
5 0.18478924036026 0.6442967057228088 0.04544837400317192 0.05787789449095726
5 0.7689878344535828 0.9634979367256165 0.04078979417681694 0.029284769669175148
1 0.32730135321617126 0.07256041467189789 0.015376281924545765 0.02505687065422535
