5 0.18233247101306915 0.6417921781539917 0.047167111188173294 0.061341989785432816
5 0.22551746666431427 0.946720540523529 0.04485979303717613 0.060511451214551926
5 0.22243361175060272 0.7220758199691772 0.04503932222723961 0.05842287838459015
5 0.22242259979248047 0.5622208714485168 0.04476432874798775 0.05978998914361
5 0.7735158801078796 0.7229853868484497 0.0474306121468544 0.06033255159854889
5 0.22555013000965118 0.3371231257915497 0.04560375213623047 0.058966077864170074
5 0.8135526776313782 0.641874372959137 0.0467618964612484 0.06270693242549896
5 0.7738176584243774 0.5620735287666321 0.04688911512494087 0.061247698962688446
5 0.7720457911491394 0.33904170989990234 0.04772491380572319 0.06180427595973015
5 0.7694494724273682 0.9621920585632324 0.041015055030584335 0.02692287601530552
