5 0.7703655362129211 0.7245185375213623 0.04731636121869087 0.061778537929058075
5 0.8087034225463867 0.6437335014343262 0.04630932956933975 0.06267813593149185
5 0.22178864479064941 0.9483392834663391 0.0446956641972065 0.060046106576919556
5 0.21870636940002441 0.7237003445625305 0.04441499710083008 0.05869237706065178
5 0.7697675824165344 0.564749002456665 0.04558296129107475 0.057996395975351334
5 0.21865959465503693 0.5639334917068481 0.04568767547607422 0.05977313965559006
5 0.2218601256608963 0.3394967317581177 0.046256352216005325 0.05988173186779022
5 0.7680082321166992 0.34113600850105286 0.046378135681152344 0.060521773993968964
5 0.18133310973644257 0.6454513669013977 0.04629669338464737 0.061203863471746445
5 0.7654227018356323 0.9635106921195984 0.04039793089032173 0.02847564034163952
