5 0.7740076184272766 0.7202126979827881 0.046906471252441406 0.059481117874383926
5 0.18286052346229553 0.6396891474723816 0.04716234281659126 0.06137244403362274
5 0.2225993126630783 0.7191418409347534 0.043939877301454544 0.05702697113156319
5 0.22571738064289093 0.9442968368530273 0.04511523246765137 0.060574907809495926
5 0.7725892663002014 0.33668479323387146 0.047473907470703125 0.06158052384853363
5 0.8134217262268066 0.6390063762664795 0.04691963270306587 0.06280887126922607
5 0.22210124135017395 0.5593688488006592 0.04485196992754936 0.05831313505768776
5 0.2255365401506424 0.33414188027381897 0.04584088549017906 0.059394471347332
5 0.7741798758506775 0.5595477819442749 0.046003151684999466 0.0605083629488945
5 0.7695349454879761 0.9615986943244934 0.04172210767865181 0.025821184739470482
