5 0.7735559344291687 0.7195099592208862 0.04726257547736168 0.06075839698314667
5 0.2224089354276657 0.7187524437904358 0.044489335268735886 0.057851389050483704
5 0.2254316359758377 0.9437934756278992 0.04475603252649307 0.059755075722932816
5 0.2254338264465332 0.3345576822757721 0.0455968864262104 0.05914096534252167
5 0.8117465376853943 0.6398186683654785 0.0463956855237484 0.0599023774266243
5 0.7707918286323547 0.33633506298065186 0.04661579057574272 0.060087136924266815
5 0.22197608649730682 0.5597611665725708 0.04631556198000908 0.059497684240341187
5 0.1844440996646881 0.6402277946472168 0.04541940614581108 0.062254585325717926
5 0.7732369303703308 0.562218427658081 0.046607017517089844 0.058243852108716965
5 0.768632173538208 0.9616753458976746 0.04187440872192383 0.025056397542357445
