5 0.2210407704114914 0.7206974029541016 0.04450087621808052 0.057728175073862076
5 0.773014485836029 0.7220064401626587 0.04727668687701225 0.06094545125961304
5 0.18287311494350433 0.642417848110199 0.04682588577270508 0.06011262163519859
5 0.22441081702709198 0.9459155797958374 0.04426136240363121 0.060200415551662445
5 0.2211827039718628 0.5610119700431824 0.044188644737005234 0.05752480775117874
5 0.81182461977005 0.6411385536193848 0.04695263132452965 0.062235474586486816
5 0.22426991164684296 0.3365381062030792 0.04601449891924858 0.059793174266815186
5 0.7711789011955261 0.33849504590034485 0.04739055782556534 0.06239449605345726
5 0.772976279258728 0.56122887134552 0.045633699744939804 0.05985752493143082
5 0.7688255310058594 0.963630735874176 0.04072399064898491 0.029165631160140038
