4 0.3427148461341858 0.883030891418457 0.1873546689748764 0.2299022376537323
4 0.34313109517097473 0.7056708931922913 0.18546663224697113 0.10727814584970474
4 0.6515437364578247 0.7061553597450256 0.18592797219753265 0.10810282081365585
5 0.18278197944164276 0.6404862403869629 0.04689216613769531 0.061560261994600296
4 0.6509681940078735 0.8866569995880127 0.18889808654785156 0.22668610513210297
5 0.7734994888305664 0.7215583920478821 0.046932317316532135 0.060873840004205704
5 0.2249511033296585 0.9453268051147461 0.04386544227600098 0.05930706113576889
5 0.2219885140657425 0.7202561497688293 0.044055890291929245 0.05859910324215889
5 0.22537565231323242 0.33590078353881836 0.04544220119714737 0.05899672210216522
5 0.770919144153595 0.33737418055534363 0.04680996015667915 0.05999475717544556
5 0.8120037317276001 0.6414706707000732 0.04666600376367569 0.06103133410215378
5 0.7727836966514587 0.5599918365478516 0.04518776014447212 0.06133485585451126
5 0.22181065380573273 0.5609692335128784 0.04535317420959473 0.05890810117125511
5 0.7692087292671204 0.9538577795028687 0.03908653184771538 0.04450087249279022
5 0.7689281702041626 0.9609578251838684 0.03997764736413956 0.027088141068816185
