5 0.18331864476203918 0.6425503492355347 0.04713168367743492 0.060954879969358444
5 0.7738705277442932 0.7230120897293091 0.04760561138391495 0.059980358928442
5 0.22297468781471252 0.5617309212684631 0.0440705306828022 0.058512743562459946
5 0.8136211633682251 0.6418823003768921 0.047151755541563034 0.062308359891176224
5 0.22576956450939178 0.9469895958900452 0.04532904550433159 0.06093194708228111
5 0.22266216576099396 0.7222048044204712 0.0450044646859169 0.058768320828676224
5 0.22570841014385223 0.3374103605747223 0.04553704336285591 0.05943792313337326
5 0.772561252117157 0.3383253216743469 0.046956826001405716 0.061666280031204224
5 0.7743193507194519 0.5619062781333923 0.045783232897520065 0.06101120263338089
5 0.7698091268539429 0.9621766805648804 0.04094991832971573 0.026050543412566185
