5 0.7742050290107727 0.7196320295333862 0.04759941250085831 0.06108561530709267
5 0.7725902199745178 0.3355601727962494 0.04718322679400444 0.06043066829442978
5 0.1838219165802002 0.6402619481086731 0.04633665084838867 0.0597047433257103
5 0.22598068416118622 0.9444904923439026 0.04543671756982803 0.06112205982208252
5 0.22242450714111328 0.5588384866714478 0.04443035274744034 0.057858906686306
5 0.813398003578186 0.6396095752716064 0.04660334810614586 0.06069672480225563
5 0.22275447845458984 0.7188180685043335 0.04427976533770561 0.05739853158593178
5 0.2256549894809723 0.33420515060424805 0.045566510409116745 0.05891727656126022
5 0.774170994758606 0.5595740079879761 0.045452214777469635 0.059189323335886
5 0.7695992588996887 0.9616594910621643 0.04120483621954918 0.026577306911349297
