5 0.1836920827627182 0.6412056684494019 0.047548677772283554 0.06163633614778519
5 0.7735795378684998 0.7221008539199829 0.04708261415362358 0.060958195477724075
5 0.22287312150001526 0.7206743359565735 0.045099832117557526 0.05867708474397659
5 0.22566862404346466 0.9457782506942749 0.044892311096191406 0.06045309454202652
5 0.2227090448141098 0.5611445307731628 0.04484758526086807 0.05913045257329941
5 0.8133466839790344 0.6409828662872314 0.04695529863238335 0.06214895471930504
5 0.7721371650695801 0.33777278661727905 0.0471433661878109 0.061079055070877075
5 0.2256065458059311 0.3363601565361023 0.04536247253417969 0.0595972016453743
5 0.7739394307136536 0.5603137612342834 0.045966532081365585 0.06114665046334267
5 0.7699928283691406 0.96253502368927 0.04122600704431534 0.026079215109348297
