5 0.774917483329773 0.7202693819999695 0.04660911485552788 0.05969493091106415
5 0.22316928207874298 0.7195358872413635 0.04503288492560387 0.059497810900211334
5 0.18450795114040375 0.6406750679016113 0.0460999496281147 0.059389885514974594
5 0.22621607780456543 0.9449844360351562 0.04421348497271538 0.060994382947683334
5 0.8134799003601074 0.6404975652694702 0.04712104797363281 0.06170004606246948
5 0.22290194034576416 0.559459388256073 0.04413733631372452 0.05799372121691704
5 0.7725805640220642 0.33672425150871277 0.04669342190027237 0.06167296692728996
5 0.22606885433197021 0.3351537883281708 0.04599814489483833 0.05869734659790993
5 0.7747985124588013 0.5600256323814392 0.04559383541345596 0.059897053986787796
5 0.7697567343711853 0.9613028168678284 0.04105367884039879 0.024556521326303482
2 0.918635368347168 0.8732694983482361 0.013023758307099342 0.01850728690624237
