5 0.7731038928031921 0.7216270565986633 0.04707908630371094 0.06080324947834015
5 0.22521467506885529 0.9455195665359497 0.044153500348329544 0.06035090237855911
5 0.18395118415355682 0.6426584124565125 0.04560239240527153 0.06260295957326889
5 0.22209838032722473 0.7209487557411194 0.04419999197125435 0.05810406804084778
5 0.221674844622612 0.5615577101707458 0.04598984867334366 0.06023787707090378
5 0.2252967804670334 0.33657702803611755 0.04569273069500923 0.059185244143009186
5 0.8116852045059204 0.6422439217567444 0.04611625894904137 0.0591602697968483
5 0.770599365234375 0.3383272588253021 0.04620342329144478 0.06137154996395111
5 0.7731656432151794 0.5638166666030884 0.04647083207964897 0.05779328569769859
5 0.7682226896286011 0.9622273445129395 0.04079771041870117 0.02524077706038952
