5 0.7735570073127747 0.7224830985069275 0.04707393795251846 0.061218392103910446
5 0.22283147275447845 0.7208432555198669 0.044824790209531784 0.05814789980649948
5 0.22254066169261932 0.5615267753601074 0.0456392765045166 0.060651395469903946
5 0.18434332311153412 0.6421679854393005 0.0463135726749897 0.06471612304449081
5 0.22546696662902832 0.9459167718887329 0.04539051279425621 0.060942392796278
5 0.22559551894664764 0.3370400369167328 0.04537677764892578 0.0601954460144043
5 0.7740007638931274 0.5637282729148865 0.04837808758020401 0.058408223092556
5 0.8129486441612244 0.6419875621795654 0.045670319348573685 0.06146584451198578
5 0.7709458470344543 0.3384895920753479 0.04741564020514488 0.061755985021591187
5 0.7692819833755493 0.9626023173332214 0.04098358377814293 0.02493305318057537
