5 0.22266025841236115 0.5608490109443665 0.04484529420733452 0.057810232043266296
5 0.22198835015296936 0.7204663157463074 0.04496537521481514 0.05881406366825104
5 0.7736908793449402 0.7218368053436279 0.047373391687870026 0.06163429468870163
5 0.22520188987255096 0.9451119303703308 0.04497861862182617 0.0605933852493763
5 0.8121874928474426 0.6415547132492065 0.046979524195194244 0.060993362218141556
5 0.22537580132484436 0.33599838614463806 0.045621681958436966 0.05903450399637222
5 0.18342821300029755 0.641843318939209 0.04530086740851402 0.05982515960931778
5 0.770982027053833 0.3376743197441101 0.046536922454833984 0.060279034078121185
5 0.7730809450149536 0.5603302121162415 0.045928191393613815 0.05996914580464363
5 0.7689880728721619 0.9625238180160522 0.040743447840213776 0.025466568768024445
