5 0.222293421626091 0.560623049736023 0.045036520808935165 0.05899258330464363
5 0.7736799120903015 0.7213134765625 0.04724731668829918 0.06132032722234726
5 0.22246812283992767 0.720417857170105 0.04506678506731987 0.05856393277645111
5 0.22565050423145294 0.9448500871658325 0.045180510729551315 0.06050329655408859
5 0.7735191583633423 0.5617443323135376 0.04719534143805504 0.0607568696141243
5 0.7708985209465027 0.33879223465919495 0.04666929319500923 0.06204083561897278
5 0.22532454133033752 0.33663615584373474 0.04472208023071289 0.05960115045309067
5 0.8123012781143188 0.6416574120521545 0.04702487215399742 0.06160575523972511
5 0.18388238549232483 0.6413224935531616 0.044812917709350586 0.05806928128004074
5 0.7683194279670715 0.961478054523468 0.0410587303340435 0.026090173050761223
