4 0.34242480993270874 0.8836963772773743 0.1877182573080063 0.23056522011756897
4 0.3426419198513031 0.7063015103340149 0.185505673289299 0.10868794471025467
4 0.6509163975715637 0.706742525100708 0.1861436814069748 0.10827356576919556
5 0.7730271816253662 0.7228171825408936 0.046265412122011185 0.060509923845529556
5 0.22169256210327148 0.561240553855896 0.04457007721066475 0.0579192116856575
5 0.7731150984764099 0.5627096891403198 0.04584961012005806 0.060670092701911926
5 0.22519007325172424 0.3375539779663086 0.04468889161944389 0.05995411053299904
5 0.2247477024793625 0.9456712007522583 0.043808937072753906 0.060869000852108
5 0.2216964215040207 0.7216795682907104 0.043916523456573486 0.05861949175596237
5 0.18353936076164246 0.6426540613174438 0.04456765577197075 0.05894339829683304
5 0.7707183957099915 0.3389904201030731 0.04662971571087837 0.062342315912246704
5 0.8118337988853455 0.641721785068512 0.04605388641357422 0.06201936677098274
4 0.6508787274360657 0.8867497444152832 0.19028721749782562 0.22650057077407837
5 0.768464207649231 0.9546862840652466 0.03948650509119034 0.044657349586486816
5 0.7681402564048767 0.9603676795959473 0.039827920496463776 0.02989601343870163
