5 0.7735667824745178 0.7211326956748962 0.04719200357794762 0.060467109084129333
5 0.22273944318294525 0.7199525237083435 0.04454855993390083 0.05847078934311867
5 0.22223272919654846 0.559453010559082 0.04455376788973808 0.057725369930267334
5 0.2255869358778 0.9445669651031494 0.04441041871905327 0.06048036366701126
5 0.7713915109634399 0.33787867426872253 0.04693308100104332 0.0625840350985527
5 0.18418173491954803 0.641426146030426 0.046483803540468216 0.059978827834129333
5 0.22569547593593597 0.33590933680534363 0.04506674036383629 0.05826844274997711
5 0.8128250241279602 0.640257716178894 0.046561479568481445 0.062692791223526
5 0.7737881541252136 0.5613648295402527 0.04749030992388725 0.06004330515861511
5 0.7689630389213562 0.9628297090530396 0.0400453582406044 0.029888877645134926
