5 0.22441911697387695 0.9502058029174805 0.044570256024599075 0.05931100994348526
5 0.7708741426467896 0.3430512249469757 0.04665107652544975 0.060532860457897186
5 0.7732595205307007 0.7267487049102783 0.04741306230425835 0.06257161498069763
5 0.1827659010887146 0.646137535572052 0.04763476923108101 0.0602295957505703
5 0.8119180798530579 0.6460224986076355 0.046303510665893555 0.0610303170979023
5 0.22189171612262726 0.5651955008506775 0.04419670253992081 0.059543173760175705
5 0.22161059081554413 0.725075364112854 0.04470191150903702 0.05897155776619911
5 0.7723607420921326 0.5657134056091309 0.04418544843792915 0.05865733325481415
5 0.22484222054481506 0.3409444987773895 0.04540739208459854 0.06070322170853615
5 0.7681544423103333 0.9644582271575928 0.041014861315488815 0.03034466691315174
