5 0.1825398951768875 0.6396554708480835 0.04717206954956055 0.0623779296875
5 0.7736913561820984 0.720359206199646 0.04702034220099449 0.05959273874759674
5 0.22252507507801056 0.7194335460662842 0.04443330690264702 0.058743853121995926
5 0.22562666237354279 0.9448795318603516 0.04501857981085777 0.060274701565504074
5 0.7718309164047241 0.33649560809135437 0.04756622388958931 0.06242049112915993
5 0.8130242228507996 0.6401630640029907 0.04719066619873047 0.06284187734127045
5 0.22546182572841644 0.3352169692516327 0.0456906333565712 0.05895441770553589
5 0.22240035235881805 0.5601878762245178 0.04568810388445854 0.060348991304636
5 0.7732505202293396 0.5596446394920349 0.04643116146326065 0.06058293581008911
5 0.7690626382827759 0.9612481594085693 0.04090919718146324 0.02472905069589615
