5 0.2227925807237625 0.5614198446273804 0.04412231594324112 0.05771543085575104
5 0.22569067776203156 0.9469993114471436 0.0449582114815712 0.05970665439963341
5 0.7736324667930603 0.7228087782859802 0.04721403121948242 0.05947856977581978
5 0.8135361075401306 0.641530454158783 0.04774785041809082 0.06377829611301422
5 0.1831941306591034 0.6430034637451172 0.045891501009464264 0.058789726346731186
5 0.773301362991333 0.5621427893638611 0.04660520702600479 0.06094099208712578
5 0.22263656556606293 0.7222195863723755 0.04520578309893608 0.058373309671878815
5 0.22538089752197266 0.3376244604587555 0.04584770277142525 0.05908980593085289
5 0.7717294096946716 0.33836260437965393 0.04836635664105415 0.06142863631248474
5 0.7698038816452026 0.9626081585884094 0.04083061218261719 0.026263976469635963
