5 0.22306016087532043 0.5627766847610474 0.04392571374773979 0.05751066282391548
5 0.22585587203502655 0.947182297706604 0.04479823261499405 0.06029814854264259
5 0.7730113863945007 0.562899649143219 0.046356201171875 0.06044583022594452
5 0.18299554288387299 0.6436161398887634 0.046353865414857864 0.06096074357628822
5 0.8131014108657837 0.6430322527885437 0.04719586297869682 0.06252319365739822
5 0.7736936807632446 0.7242253422737122 0.04774036630988121 0.06213914230465889
5 0.7715440392494202 0.3400769531726837 0.048119544982910156 0.062127865850925446
5 0.2228470891714096 0.7230799198150635 0.04528408125042915 0.058896761387586594
5 0.22517739236354828 0.3383007049560547 0.04557447507977486 0.059934232383966446
5 0.7696002125740051 0.9632667303085327 0.041210174560546875 0.027731241658329964
