5 0.7736088633537292 0.7204487323760986 0.04707613214850426 0.06035637855529785
5 0.22182536125183105 0.7196351885795593 0.04450730234384537 0.05928514152765274
5 0.22520022094249725 0.9450902938842773 0.04487257078289986 0.061140917241573334
5 0.18363526463508606 0.6405563354492188 0.0453522689640522 0.060042284429073334
5 0.8124483227729797 0.6402124166488647 0.046666909009218216 0.061126645654439926
5 0.22213605046272278 0.5593370795249939 0.04490828514099121 0.05873468145728111
5 0.772765576839447 0.559948742389679 0.0455138199031353 0.05949398875236511
5 0.22534804046154022 0.33549368381500244 0.04569864273071289 0.058684222400188446
5 0.771313488483429 0.3369569480419159 0.04709453508257866 0.061408884823322296
5 0.7686347961425781 0.9618212580680847 0.039811134338378906 0.024035746231675148
1 0.9346782565116882 0.4723142683506012 0.01290664728730917 0.016926871612668037
1 0.15681803226470947 0.4336705207824707 0.014506841078400612 0.019837062805891037
