4 0.3428790271282196 0.8840295672416687 0.18725743889808655 0.23080578446388245
4 0.3428017795085907 0.705425500869751 0.18583078682422638 0.10818742960691452
4 0.6518560647964478 0.7066266536712646 0.18583087623119354 0.10826757550239563
5 0.7735665440559387 0.7214285731315613 0.04675693437457085 0.06067480891942978
5 0.222185418009758 0.7200887799263 0.04394931718707085 0.05823875218629837
5 0.7708101272583008 0.33789533376693726 0.04658031463623047 0.05949080362915993
5 0.22544346749782562 0.9448233246803284 0.04450378566980362 0.060494378209114075
4 0.6515643000602722 0.8868610858917236 0.18939714133739471 0.22627778351306915
5 0.22198258340358734 0.560806930065155 0.04595594480633736 0.05951421707868576
5 0.22551265358924866 0.3360099196434021 0.045385029166936874 0.05961083248257637
5 0.7735739946365356 0.563556432723999 0.04665832594037056 0.058984171599149704
5 0.1844140589237213 0.6424555778503418 0.04481468349695206 0.062089573591947556
5 0.8120551109313965 0.6408119797706604 0.04610252380371094 0.06130503863096237
5 0.7690889239311218 0.954589307308197 0.03935966640710831 0.042400065809488297
5 0.7687886357307434 0.9609540104866028 0.04018592834472656 0.02642529271543026
