5 0.18270941078662872 0.6425895094871521 0.04680342599749565 0.061127919703722
5 0.22288815677165985 0.5620987415313721 0.04453611373901367 0.05869479849934578
5 0.2255336344242096 0.9476935863494873 0.04443864896893501 0.06105503439903259
5 0.7735703587532043 0.7230636477470398 0.046895600855350494 0.059833820909261703
5 0.22244206070899963 0.7225080132484436 0.04501485824584961 0.058914728462696075
5 0.22560901939868927 0.3376542031764984 0.04555235058069229 0.05910484120249748
5 0.773404598236084 0.5621786713600159 0.046189308166503906 0.06067407503724098
5 0.7717299461364746 0.3394334614276886 0.04737281799316406 0.061798542737960815
5 0.8129323124885559 0.6428579688072205 0.04690208658576012 0.062172781676054
5 0.7695122957229614 0.9625929594039917 0.04111671447753906 0.027089161798357964
