4 0.343750 0.884134 0.187500 0.231733
4 0.343750 0.705637 0.184375 0.108559
5 0.773438 0.721294 0.046875 0.060543
4 0.651563 0.703549 0.187500 0.108559
5 0.221875 0.720251 0.043750 0.058455
5 0.225781 0.944676 0.045312 0.060543
5 0.773438 0.562630 0.046875 0.056367
5 0.225781 0.336117 0.045312 0.058455
5 0.222656 0.560543 0.045312 0.060543
5 0.770312 0.337161 0.046875 0.060543
5 0.184375 0.641962 0.046875 0.060543
5 0.811719 0.640919 0.045312 0.058455
4 0.651563 0.884134 0.187500 0.231733
5 0.769531 0.953027 0.039062 0.043841
5 0.768750 0.960334 0.040625 0.029228
2 0.132812 0.134656 0.012500 0.014614
