5 0.2258758544921875 0.9471422433853149 0.04512396082282066 0.06050380691885948
5 0.1827521026134491 0.6422147750854492 0.04756457731127739 0.06278746575117111
5 0.22267571091651917 0.5623181462287903 0.04514665529131889 0.06101426109671593
5 0.22243909537792206 0.7225837111473083 0.04503827169537544 0.05878220871090889
5 0.7713250517845154 0.3397773802280426 0.04751396179199219 0.06171711906790733
5 0.7735029458999634 0.7237898111343384 0.047029685229063034 0.06064753979444504
5 0.22581294178962708 0.3382234275341034 0.045137979090213776 0.05853603035211563
5 0.773300290107727 0.560958206653595 0.04560394212603569 0.06200828030705452
5 0.8130208253860474 0.6421189904212952 0.04774513468146324 0.06296088546514511
5 0.7692906856536865 0.962888777256012 0.041306208819150925 0.027615414932370186
