5 0.7738375067710876 0.7196066975593567 0.04720764234662056 0.06048443913459778
5 0.1835297793149948 0.6393893957138062 0.04611196741461754 0.05926169827580452
5 0.22248415648937225 0.5590910315513611 0.04439573362469673 0.056794423609972
5 0.22565865516662598 0.9439901113510132 0.0450860969722271 0.059369880706071854
5 0.7714946866035461 0.3366021513938904 0.04672069475054741 0.06102056801319122
5 0.8128228187561035 0.6400126218795776 0.04607868194580078 0.06115136668086052
5 0.2256239950656891 0.334271103143692 0.04495496675372124 0.057762451469898224
5 0.22273440659046173 0.7183904051780701 0.04470348358154297 0.05726040527224541
5 0.7736916542053223 0.559846818447113 0.04687557369470596 0.059488508850336075
5 0.7693915367126465 0.9605985283851624 0.04090843349695206 0.02492629922926426
1 0.28548958897590637 0.12236970663070679 0.01332769449800253 0.017832333222031593
