4 0.342187 0.883090 0.187500 0.229645
4 0.342969 0.705637 0.185938 0.108559
4 0.650781 0.706681 0.185938 0.106472
5 0.773438 0.723382 0.046875 0.060543
5 0.221875 0.561587 0.043750 0.058455
5 0.772656 0.562630 0.045312 0.060543
5 0.225000 0.946764 0.043750 0.060543
5 0.225000 0.337161 0.043750 0.060543
5 0.221875 0.722338 0.043750 0.058455
5 0.183594 0.643006 0.045312 0.058455
5 0.770312 0.338205 0.046875 0.062630
5 0.811719 0.641962 0.045312 0.060543
4 0.650781 0.887265 0.189062 0.225470
5 0.767969 0.955115 0.039062 0.043841
5 0.767969 0.960334 0.039062 0.029228
2 0.007812 0.420668 0.012500 0.022965
