4 0.34327998757362366 0.8843663930892944 0.18791694939136505 0.22892872989177704
4 0.34341564774513245 0.7073754072189331 0.1852385550737381 0.10577724128961563
4 0.6520339846611023 0.707256019115448 0.18735161423683167 0.10567262768745422
5 0.7734783291816711 0.7232702970504761 0.047060586512088776 0.060952331870794296
5 0.2257174700498581 0.947228729724884 0.044663574546575546 0.060231760144233704
5 0.22278852760791779 0.5621312260627747 0.04289283975958824 0.056987214833498
4 0.6517934203147888 0.8862382769584656 0.1891128569841385 0.22752352058887482
5 0.22536781430244446 0.33774223923683167 0.04569282755255699 0.059623703360557556
5 0.773422360420227 0.5624266266822815 0.04622058942914009 0.06051578372716904
5 0.18316054344177246 0.6432380676269531 0.04524293169379234 0.058337122201919556
5 0.7720457315444946 0.339547336101532 0.04737367853522301 0.06162518635392189
5 0.8128485679626465 0.6425768136978149 0.044998932629823685 0.059314195066690445
5 0.22254538536071777 0.722848653793335 0.04447321966290474 0.05791178718209267
5 0.7698561549186707 0.9552611112594604 0.040024757385253906 0.045986104756593704
5 0.7697591185569763 0.9607819318771362 0.04085216671228409 0.031835123896598816
