4 0.3432077467441559 0.8829228281974792 0.18743668496608734 0.22910253703594208
4 0.3433479368686676 0.7051290273666382 0.1860729306936264 0.10827305912971497
4 0.6522210240364075 0.7051388025283813 0.1865045577287674 0.108351930975914
4 0.6521196365356445 0.8859871029853821 0.18907757103443146 0.22802582383155823
5 0.7736398577690125 0.720961332321167 0.04650240018963814 0.059934359043836594
5 0.18343842029571533 0.6409830451011658 0.04559178277850151 0.05956190451979637
5 0.22576522827148438 0.9445978403091431 0.04459571838378906 0.05994671955704689
5 0.771527111530304 0.3368992507457733 0.047233011573553085 0.06197470426559448
5 0.2226034253835678 0.5596540570259094 0.043921757489442825 0.05750094726681709
5 0.22569504380226135 0.33502861857414246 0.04509324952960014 0.057770222425460815
5 0.773521900177002 0.5599912405014038 0.04567451402544975 0.05977138504385948
5 0.8129556775093079 0.6410387754440308 0.045143891125917435 0.06011338531970978
5 0.22303687036037445 0.7196415662765503 0.043488215655088425 0.05726983770728111
5 0.769910454750061 0.9537400603294373 0.0389835350215435 0.04277583584189415
5 0.7697147727012634 0.9604183435440063 0.03978757932782173 0.026398533955216408
