5 0.18335753679275513 0.6417769193649292 0.047151923179626465 0.06117876246571541
5 0.7742229104042053 0.7227447628974915 0.04676008224487305 0.05982452258467674
5 0.22564272582530975 0.9466467499732971 0.045021723955869675 0.059830255806446075
5 0.22266069054603577 0.5617682337760925 0.04499015957117081 0.05942833423614502
5 0.2224985659122467 0.7211278676986694 0.04422192648053169 0.05752965062856674
5 0.8135549426078796 0.641262948513031 0.04723935201764107 0.06338086724281311
5 0.2259182184934616 0.3368213176727295 0.04576864466071129 0.05962242931127548
5 0.7724282145500183 0.3388012647628784 0.047643281519412994 0.0624048188328743
5 0.7743602991104126 0.5619868636131287 0.04605293273925781 0.0608244352042675
5 0.7697628140449524 0.9621741771697998 0.041948892176151276 0.02692529745399952
