5 0.2262849360704422 0.9492178559303284 0.04431619867682457 0.05983433127403259
5 0.7746174931526184 0.7253602147102356 0.04684476926922798 0.06092149764299393
5 0.22662778198719025 0.3400994539260864 0.04543113708496094 0.05900933966040611
5 0.7743611335754395 0.5646916031837463 0.04423236846923828 0.059148672968149185
5 0.8136939406394958 0.644804835319519 0.04668903350830078 0.0625338926911354
5 0.22300219535827637 0.7246392369270325 0.044690705835819244 0.05995538458228111
5 0.7723099589347839 0.34143897891044617 0.046173859387636185 0.06140448898077011
5 0.18467453122138977 0.6448798775672913 0.04648122936487198 0.05939498171210289
5 0.22303977608680725 0.5639193654060364 0.04454097896814346 0.05872652679681778
5 0.7698896527290344 0.9642431139945984 0.04164867475628853 0.03053618222475052
