5 0.7738369107246399 0.7199303507804871 0.047360993921756744 0.06122705340385437
5 0.22527042031288147 0.9439888596534729 0.04573249816894531 0.06006190925836563
5 0.22239235043525696 0.5590839385986328 0.04547181352972984 0.05809091031551361
5 0.22556793689727783 0.3341943025588989 0.04514780268073082 0.058933839201927185
5 0.8129132390022278 0.6398764848709106 0.046028900891542435 0.06075036898255348
5 0.771353542804718 0.33651408553123474 0.04783020168542862 0.06219571828842163
5 0.2223598212003708 0.7184994220733643 0.04567761346697807 0.05850927159190178
5 0.18351252377033234 0.6393348574638367 0.045343637466430664 0.05943014845252037
5 0.7734811902046204 0.5597860217094421 0.047364044934511185 0.06017177924513817
5 0.7689993977546692 0.960996150970459 0.04042816162109375 0.026503020897507668
