4 0.34351038932800293 0.7052367925643921 0.1860796958208084 0.10717850178480148
4 0.34328949451446533 0.8837607502937317 0.18809238076210022 0.23100468516349792
4 0.6518581509590149 0.7057836651802063 0.18622665107250214 0.10803579539060593
5 0.7736326456069946 0.7213982343673706 0.047547340393066406 0.06112945079803467
5 0.22245042026042938 0.7204923033714294 0.04418354108929634 0.057487599551677704
5 0.22248664498329163 0.5602560043334961 0.04351558908820152 0.056983932852745056
5 0.1831350028514862 0.6410250663757324 0.04544518142938614 0.05772307515144348
5 0.22559480369091034 0.9450247883796692 0.04466075822710991 0.06064753979444504
5 0.22529378533363342 0.33611875772476196 0.04574308544397354 0.060343384742736816
5 0.7722358703613281 0.3373190760612488 0.04714393615722656 0.06137919798493385
5 0.8133659362792969 0.6411533355712891 0.0452236644923687 0.06014243885874748
5 0.7738921046257019 0.5607941746711731 0.04547452926635742 0.060045596212148666
4 0.652570903301239 0.8852044343948364 0.18734990060329437 0.22959120571613312
5 0.7700647711753845 0.9573346376419067 0.03909740597009659 0.048286836594343185
2 0.970806896686554 0.8322603106498718 0.010622787289321423 0.02201126515865326
