5 0.7735913395881653 0.7208025455474854 0.04677591472864151 0.06036453694105148
5 0.22236068546772003 0.7196188569068909 0.04433102533221245 0.057884521782398224
5 0.22222638130187988 0.5600132346153259 0.04503674432635307 0.05877268314361572
5 0.22565768659114838 0.9447205662727356 0.04480447992682457 0.06080121174454689
5 0.7713817358016968 0.33795830607414246 0.04648265987634659 0.061951830983161926
5 0.22566604614257812 0.3357984125614166 0.045029353350400925 0.05872665345668793
5 0.1841314136981964 0.6411449313163757 0.04600710794329643 0.058419182896614075
5 0.7738127708435059 0.5615335702896118 0.04674530029296875 0.058659628033638
5 0.8123595118522644 0.6409088969230652 0.045557595789432526 0.060400087386369705
5 0.7691565752029419 0.9611524343490601 0.040869999676942825 0.025962114334106445
1 0.9310613870620728 0.8000783920288086 0.013854408636689186 0.02155318297445774
