4 0.34296709299087524 0.8855910897254944 0.1876823455095291 0.2286447137594223
4 0.34328436851501465 0.707157552242279 0.18615761399269104 0.10885307937860489
4 0.6512783765792847 0.7068191170692444 0.18689489364624023 0.107963927090168
5 0.7733461260795593 0.7230685353279114 0.04645252227783203 0.05997653678059578
5 0.22221289575099945 0.5622196197509766 0.04525994136929512 0.06047080457210541
5 0.18377868831157684 0.6433643102645874 0.04560723528265953 0.061145760118961334
5 0.22234992682933807 0.7221438884735107 0.0442105308175087 0.05849232152104378
5 0.2254168540239334 0.946440577507019 0.04416608810424805 0.060474757105112076
5 0.22558872401714325 0.33785107731819153 0.04581088945269585 0.059610962867736816
5 0.7707758545875549 0.33961719274520874 0.046215154230594635 0.06151171773672104
5 0.7740353941917419 0.5640438795089722 0.04739818722009659 0.05810394138097763
4 0.6515137553215027 0.8855960965156555 0.1880476027727127 0.22880780696868896
5 0.8121145367622375 0.6430016756057739 0.04635925218462944 0.060889385640621185
5 0.7693254351615906 0.954779326915741 0.03940935060381889 0.044781457632780075
5 0.7689768671989441 0.9610830545425415 0.03992023691534996 0.029079493135213852
