5 0.7742525339126587 0.7195543050765991 0.047335054725408554 0.06071379780769348
5 0.22254851460456848 0.7187582850456238 0.04429345205426216 0.057814184576272964
5 0.2257816344499588 0.9443649053573608 0.0450444221496582 0.06062638759613037
5 0.2223656177520752 0.5597229599952698 0.04587230831384659 0.05937497690320015
5 0.8131934404373169 0.6402866840362549 0.04596824571490288 0.061151620000600815
5 0.1846657544374466 0.6403595805168152 0.045514728873968124 0.06047004088759422
5 0.22574476897716522 0.3343317210674286 0.0454065315425396 0.05869486182928085
5 0.7716745734214783 0.3365408778190613 0.04728088527917862 0.06138983741402626
5 0.7739853858947754 0.5614972114562988 0.046910762786865234 0.058158475905656815
5 0.7697362303733826 0.9610581994056702 0.0412471778690815 0.02502479776740074
