4 0.34359726309776306 0.8822329640388489 0.18695798516273499 0.23300662636756897
4 0.34390613436698914 0.7036433815956116 0.1855943650007248 0.10652661323547363
4 0.6526169180870056 0.7049429416656494 0.1855999082326889 0.10924503207206726
5 0.7749735116958618 0.719768226146698 0.046627141535282135 0.060376256704330444
4 0.652142345905304 0.8858950138092041 0.18829499185085297 0.22821000218391418
5 0.22605441510677338 0.33412522077560425 0.04570889472961426 0.05855743587017059
5 0.22608016431331635 0.9443924427032471 0.04447193071246147 0.060760561376810074
5 0.7727913856506348 0.3360765874385834 0.047083377838134766 0.0612306222319603
5 0.18431726098060608 0.6399600505828857 0.0456027053296566 0.058905042707920074
5 0.2227277308702469 0.7181987762451172 0.043904878199100494 0.057517800480127335
5 0.8138050436973572 0.638562798500061 0.04604039341211319 0.06251095980405807
5 0.22294192016124725 0.5585509538650513 0.04351415857672691 0.0564795657992363
5 0.7746643424034119 0.5592793822288513 0.04557056352496147 0.05953412503004074
5 0.7702152132987976 0.9533358812332153 0.0396818183362484 0.044053368270397186
5 0.7700304388999939 0.9603320360183716 0.04083404690027237 0.026918798685073853
