5 0.22454047203063965 0.9473407864570618 0.043981362134218216 0.059539731591939926
5 0.7724229693412781 0.7238609194755554 0.04706211015582085 0.06106497347354889
5 0.22178255021572113 0.7229620218276978 0.04475836828351021 0.059243094176054
5 0.8117332458496094 0.6431153416633606 0.04634814336895943 0.05959095433354378
5 0.772873044013977 0.5647107362747192 0.046113014221191406 0.05824792757630348
5 0.22137442231178284 0.5633185505867004 0.045769788324832916 0.05874312296509743
5 0.7701894640922546 0.3401162624359131 0.046530723571777344 0.060074906796216965
5 0.22474968433380127 0.3382146656513214 0.04500332102179527 0.05978871509432793
5 0.18398964405059814 0.6434561610221863 0.04446849972009659 0.05914141237735748
5 0.7683259844779968 0.9629087448120117 0.04145984724164009 0.028132237493991852
