5 0.7736488580703735 0.72052401304245 0.047185517847537994 0.060949020087718964
5 0.2227800190448761 0.7192224264144897 0.044983673840761185 0.05788630247116089
5 0.22239623963832855 0.5593373775482178 0.044490814208984375 0.05753398314118385
5 0.1836482137441635 0.6401622891426086 0.04580197483301163 0.05939638242125511
5 0.22559137642383575 0.9443187713623047 0.04555883631110191 0.060696978121995926
5 0.8133623003959656 0.639796257019043 0.04697990417480469 0.061459727585315704
5 0.7725998759269714 0.33607834577560425 0.04761657863855362 0.06154860556125641
5 0.22540907561779022 0.33428916335105896 0.04538469389081001 0.05906890705227852
5 0.7739960551261902 0.5596016049385071 0.046236421912908554 0.059373192489147186
5 0.7691128253936768 0.961192786693573 0.04075279459357262 0.02532869763672352
