5 0.7739601135253906 0.7203704714775085 0.04774017259478569 0.06047246232628822
5 0.22244134545326233 0.7191866636276245 0.04462246969342232 0.05880017578601837
5 0.18317332863807678 0.6400378942489624 0.04580197483301163 0.06028081849217415
5 0.22555594146251678 0.9449185729026794 0.04503650590777397 0.06142608821392059
5 0.22242406010627747 0.5594740509986877 0.04496898874640465 0.05856011062860489
5 0.8133569955825806 0.639995276927948 0.04716339334845543 0.06183689832687378
5 0.2254103422164917 0.33432576060295105 0.04577183723449707 0.058793805539608
5 0.7719665765762329 0.33682557940483093 0.0475194938480854 0.061655957251787186
5 0.7731851935386658 0.5595393776893616 0.04672107845544815 0.05977291613817215
5 0.7692786455154419 0.9613641500473022 0.041031647473573685 0.02469337172806263
