5 0.222747802734375 0.5605008006095886 0.04440131410956383 0.056609153747558594
5 0.7739969491958618 0.72161465883255 0.047415923327207565 0.061293188482522964
5 0.22305884957313538 0.7201331853866577 0.04499416425824165 0.05851704254746437
5 0.184385284781456 0.6412264704704285 0.04605570062994957 0.059105731546878815
5 0.22572092711925507 0.9450584650039673 0.04463634639978409 0.059949520975351334
5 0.7739381194114685 0.5609871745109558 0.04670734331011772 0.06097488850355148
5 0.813214898109436 0.6414828300476074 0.046227313578128815 0.060654930770397186
5 0.22585490345954895 0.33637669682502747 0.04564366489648819 0.05902494862675667
5 0.7718583941459656 0.3382342755794525 0.04657554626464844 0.06195004656910896
5 0.7693543434143066 0.9614566564559937 0.04128913953900337 0.026142543181777
2 0.7261703610420227 0.04062819480895996 0.013212871737778187 0.02111969329416752
