5 0.22185833752155304 0.5624880194664001 0.044432878494262695 0.05767516419291496
5 0.22161392867565155 0.7215744256973267 0.04442286491394043 0.058548133820295334
5 0.22437749803066254 0.9467219710350037 0.04407386854290962 0.05936732888221741
5 0.770833432674408 0.3394722640514374 0.046085357666015625 0.062038540840148926
5 0.7731993198394775 0.7230306267738342 0.04635477066040039 0.05948761850595474
5 0.22522251307964325 0.3373558819293976 0.045447494834661484 0.05942460522055626
5 0.7733467221260071 0.5625123381614685 0.045378874987363815 0.059565600007772446
5 0.18327581882476807 0.6429601311683655 0.04500570520758629 0.05864777788519859
5 0.8120417594909668 0.6427555680274963 0.046414948999881744 0.061342753469944
0 0.7664692997932434 0.19256499409675598 0.09357185661792755 0.10280754417181015
5 0.768186092376709 0.9623230695724487 0.041510965675115585 0.02774665877223015
1 0.8752455115318298 0.365418940782547 0.018889619037508965 0.024106083437800407
1 0.9123668074607849 0.6968545913696289 0.017813874408602715 0.02368215098977089
