5 0.7740351557731628 0.7219796776771545 0.04733419418334961 0.06051056087017059
5 0.18365482985973358 0.6416481137275696 0.04751494154334068 0.06194724515080452
5 0.22273516654968262 0.7204509377479553 0.04517388343811035 0.05789114534854889
5 0.22582724690437317 0.946312427520752 0.04508814960718155 0.060591474175453186
5 0.22286124527454376 0.5616022944450378 0.04448452219367027 0.05878360942006111
5 0.8136497735977173 0.6417487263679504 0.046746253967285156 0.0609864816069603
5 0.7727164030075073 0.3386699855327606 0.04747524484992027 0.06258568912744522
5 0.22561898827552795 0.3368535339832306 0.04566926881670952 0.059726789593696594
5 0.7741265296936035 0.5606922507286072 0.04556427150964737 0.060591697692871094
5 0.7699827551841736 0.962293267250061 0.04054756090044975 0.026183955371379852
