5 0.2245672196149826 0.946752667427063 0.04417410120368004 0.06093984469771385
5 0.22222791612148285 0.5614189505577087 0.044187258929014206 0.058527491986751556
5 0.7733971476554871 0.7229008078575134 0.04719352722167969 0.06059720739722252
5 0.8123984336853027 0.6421516537666321 0.04673824459314346 0.061622317880392075
5 0.1834445744752884 0.6419380307197571 0.04512910917401314 0.06021774560213089
5 0.2217308133840561 0.7215558290481567 0.04422297701239586 0.058372292667627335
5 0.7728338241577148 0.5611562728881836 0.04551544412970543 0.06076018139719963
5 0.22500911355018616 0.3367522358894348 0.0461273193359375 0.059832293540239334
5 0.7714118957519531 0.3383050858974457 0.04699554666876793 0.061979990452528
5 0.7685033679008484 0.9623991847038269 0.04040832445025444 0.02591891773045063
