5 0.22153179347515106 0.7201576232910156 0.04433946684002876 0.05852736532688141
5 0.7730215191841125 0.7216911911964417 0.04698600992560387 0.061047136783599854
5 0.22425980865955353 0.9452992677688599 0.044298648834228516 0.06030477583408356
5 0.18413379788398743 0.6422154307365417 0.04520587995648384 0.06230122223496437
5 0.22093310952186584 0.5610255002975464 0.04627733305096626 0.0599878765642643
5 0.7706763744354248 0.33763086795806885 0.04673051834106445 0.059930089861154556
5 0.22461853921413422 0.3362276554107666 0.04641084745526314 0.060288719832897186
5 0.7731807827949524 0.5632138252258301 0.04666118696331978 0.058670174330472946
5 0.8115515112876892 0.6420783996582031 0.046359967440366745 0.06146202236413956
5 0.7685266733169556 0.962090790271759 0.04056186601519585 0.025197580456733704
