5 0.22566533088684082 0.9479120373725891 0.04496798664331436 0.060708701610565186
5 0.7733206152915955 0.7242889404296875 0.04717293009161949 0.06203032284975052
5 0.18366961181163788 0.6437792181968689 0.0472060926258564 0.0607227198779583
5 0.7725249528884888 0.5644946694374084 0.04476642608642578 0.06002992391586304
5 0.7712458372116089 0.3411107063293457 0.04675703123211861 0.06147106736898422
5 0.22278018295764923 0.7241646647453308 0.045898642390966415 0.060447998344898224
5 0.8127424120903015 0.644357442855835 0.04609494283795357 0.06120845302939415
5 0.22254620492458344 0.5639442801475525 0.045650091022253036 0.060069553554058075
5 0.22564421594142914 0.338645339012146 0.044881440699100494 0.06011848524212837
5 0.7689076662063599 0.9626046419143677 0.04031028971076012 0.02967289835214615
