5 0.7739079594612122 0.7197921872138977 0.04755592346191406 0.06061746925115585
5 0.22184307873249054 0.5594905018806458 0.04576478153467178 0.058709196746349335
5 0.22568027675151825 0.9441913366317749 0.044920872896909714 0.05988670140504837
5 0.22215509414672852 0.7185490727424622 0.04403228685259819 0.05781979113817215
5 0.18392720818519592 0.6398823857307434 0.04547915607690811 0.061893217265605927
5 0.22511298954486847 0.33435729146003723 0.045587729662656784 0.05963134765625
5 0.8124101758003235 0.6402589082717896 0.045636750757694244 0.06020614877343178
5 0.7737075090408325 0.5617390275001526 0.04747734218835831 0.058248311281204224
5 0.7706401944160461 0.3366801142692566 0.04749774932861328 0.06082465499639511
5 0.7694959044456482 0.9605481028556824 0.041088104248046875 0.024753514677286148
