5 0.7736647129058838 0.7219545245170593 0.04716749116778374 0.061493877321481705
5 0.22227363288402557 0.7205973267555237 0.044980574399232864 0.057903122156858444
5 0.2251514047384262 0.9458696246147156 0.04486436769366264 0.06019137054681778
5 0.8127317428588867 0.6424442529678345 0.046133853495121 0.06119838356971741
5 0.1834620088338852 0.6418911218643188 0.045590829104185104 0.060094911605119705
5 0.22294414043426514 0.5611727237701416 0.0440831184387207 0.05855463445186615
5 0.7713106274604797 0.33839139342308044 0.04704132303595543 0.06170960143208504
5 0.7727093696594238 0.5609155893325806 0.0453801155090332 0.06095067784190178
5 0.22531914710998535 0.33641597628593445 0.04585738107562065 0.059456970542669296
5 0.7690219879150391 0.9625139236450195 0.040575601160526276 0.026496903970837593
