5 0.7736013531684875 0.7203963994979858 0.04659881815314293 0.06002330034971237
5 0.22147996723651886 0.7194311022758484 0.0441010482609272 0.05826321989297867
5 0.8123394846916199 0.6400671601295471 0.0468507781624794 0.06190723553299904
5 0.22448401153087616 0.9450441002845764 0.04432516172528267 0.060230106115341187
5 0.7712494134902954 0.3364865481853485 0.046518515795469284 0.06094073876738548
5 0.1834254264831543 0.6406055092811584 0.04526481777429581 0.05878870561718941
5 0.22541247308254242 0.33469030261039734 0.045250702649354935 0.05831584334373474
5 0.22159568965435028 0.5590794086456299 0.04471287876367569 0.05779494345188141
5 0.7730937600135803 0.560062050819397 0.04556245729327202 0.05955260246992111
5 0.7689248919487 0.9615181684494019 0.04072742536664009 0.024195151403546333
