4 0.3429175615310669 0.8829878568649292 0.18723197281360626 0.23279395699501038
4 0.3430424630641937 0.7040684223175049 0.18498054146766663 0.10929358005523682
4 0.6520624160766602 0.704255223274231 0.1854877471923828 0.1086525171995163
5 0.7737506031990051 0.7192278504371643 0.045684050768613815 0.05893116444349289
4 0.651492714881897 0.8853355646133423 0.1883835792541504 0.2293289601802826
5 0.22578267753124237 0.3347305655479431 0.04504251480102539 0.058829862624406815
5 0.18410150706768036 0.6397899985313416 0.045354701578617096 0.05862293019890785
5 0.22569702565670013 0.9436020255088806 0.044518567621707916 0.0604688934981823
5 0.222392275929451 0.5588782429695129 0.04413175582885742 0.056956250220537186
5 0.7715045213699341 0.33678680658340454 0.04631061479449272 0.06059931218624115
5 0.22255945205688477 0.7185916304588318 0.04366416856646538 0.05758151039481163
5 0.7741503119468689 0.560716450214386 0.04719410091638565 0.059960734099149704
5 0.812717854976654 0.6400997638702393 0.045023392885923386 0.059865932911634445
5 0.7688474655151367 0.960632860660553 0.04041614755988121 0.025974472984671593
5 0.7690743803977966 0.9568707346916199 0.039513301104307175 0.03673500940203667
