4 0.343750 0.883090 0.187500 0.229645
4 0.342969 0.705637 0.185938 0.108559
4 0.652344 0.705637 0.185938 0.108559
4 0.652344 0.886221 0.189062 0.227557
5 0.773438 0.721294 0.046875 0.060543
5 0.222656 0.719207 0.045312 0.056367
5 0.183594 0.640919 0.045312 0.058455
5 0.223438 0.560543 0.043750 0.056367
5 0.225781 0.337161 0.045312 0.060543
5 0.225781 0.944676 0.045312 0.060543
5 0.771875 0.338205 0.046875 0.062630
5 0.813281 0.639875 0.045312 0.060543
5 0.773438 0.560543 0.046875 0.060543
1 0.147656 0.365344 0.029687 0.029228
1 0.218750 0.017745 0.053125 0.031315
1 0.081250 0.480167 0.015625 0.029228
5 0.769531 0.954071 0.039062 0.041754
5 0.770312 0.961378 0.040625 0.027140
2 0.225000 0.365344 0.012500 0.016701
