5 0.7721560001373291 0.7230083346366882 0.047884177416563034 0.060209970921278
5 0.2245214730501175 0.9465730786323547 0.04449291154742241 0.06054050475358963
5 0.22506947815418243 0.33781808614730835 0.045543622225522995 0.059464361518621445
5 0.22142675518989563 0.5622665882110596 0.0462612621486187 0.061025217175483704
5 0.22148557007312775 0.7217144966125488 0.04460301622748375 0.05955132842063904
5 0.1841006726026535 0.6437495946884155 0.04434499889612198 0.061349764466285706
5 0.7704707384109497 0.33979102969169617 0.047116946429014206 0.061568483710289
5 0.7732863426208496 0.5640254020690918 0.04781322553753853 0.05800378695130348
5 0.8112711906433105 0.642688512802124 0.0463041327893734 0.06108357757329941
5 0.7683756947517395 0.9625275135040283 0.041391756385564804 0.026509391143918037
