5 0.22579006850719452 0.9479774236679077 0.0451848991215229 0.06057184934616089
5 0.7734782099723816 0.7239272594451904 0.04737262800335884 0.06164589151740074
5 0.22579045593738556 0.3389458954334259 0.04500865936279297 0.06011701747775078
5 0.7727932929992676 0.5645536184310913 0.04501066356897354 0.05944136157631874
5 0.18398964405059814 0.6435176134109497 0.04649238660931587 0.059366438537836075
5 0.7711381316184998 0.340918630361557 0.04643058776855469 0.061296246945858
5 0.22266244888305664 0.7239649295806885 0.04542645439505577 0.05926946923136711
5 0.2229013741016388 0.5636224746704102 0.04520468786358833 0.059431422501802444
5 0.8129176497459412 0.6448567509651184 0.045594025403261185 0.06055426597595215
5 0.7692896127700806 0.9630441665649414 0.04058513790369034 0.031139397993683815
