5 0.7730568051338196 0.5630860328674316 0.04531049728393555 0.059455666691064835
5 0.2256777286529541 0.9467792510986328 0.04465122148394585 0.06013849005103111
5 0.7736021876335144 0.7229639887809753 0.04663238674402237 0.05970945954322815
5 0.22242413461208344 0.7218683958053589 0.04458675533533096 0.05790567398071289
5 0.8132947087287903 0.6418877840042114 0.04639720916748047 0.06313711404800415
5 0.7712559103965759 0.3392966091632843 0.04644365236163139 0.06048036366701126
5 0.22206035256385803 0.5627201795578003 0.045493412762880325 0.05874312296509743
5 0.2254638522863388 0.33697062730789185 0.045516062527894974 0.05913395807147026
5 0.18327923119068146 0.6414216756820679 0.04537029191851616 0.05734042823314667
5 0.7695216536521912 0.9646027088165283 0.04047088697552681 0.033620305359363556
5 0.7691766023635864 0.9578048586845398 0.03933525085449219 0.049315642565488815
