5 0.22222474217414856 0.5614663362503052 0.0447179339826107 0.05807695910334587
5 0.773500382900238 0.7225568294525146 0.04712390899658203 0.059722963720560074
5 0.7730922698974609 0.5623303651809692 0.04568348079919815 0.060670603066682816
5 0.8118488192558289 0.6419682502746582 0.04692058637738228 0.062241971492767334
5 0.22513437271118164 0.9466122388839722 0.0446619987487793 0.0608447901904583
5 0.18322931230068207 0.6412103772163391 0.04485311731696129 0.05841561406850815
5 0.22177091240882874 0.721747100353241 0.045292388647794724 0.05982031673192978
5 0.7710978388786316 0.3382517397403717 0.04653644561767578 0.06196189671754837
5 0.22529569268226624 0.3368434011936188 0.04549837112426758 0.05945448577404022
5 0.768632709980011 0.9621177315711975 0.04030799865722656 0.027072086930274963
