5 0.7739020586013794 0.7198640704154968 0.04754791408777237 0.06090773642063141
5 0.22230036556720734 0.5590692162513733 0.044162798672914505 0.056276582181453705
5 0.22564001381397247 0.9442272782325745 0.04495086893439293 0.059970419853925705
5 0.7721381783485413 0.3363683521747589 0.04684600979089737 0.061330392956733704
5 0.18375639617443085 0.6394002437591553 0.045984506607055664 0.05880679935216904
5 0.8135955929756165 0.6387625932693481 0.046268511563539505 0.061766304075717926
5 0.22262230515480042 0.71854168176651 0.044310666620731354 0.058035388588905334
5 0.2256375402212143 0.33391427993774414 0.045578766614198685 0.05848002806305885
5 0.7742865681648254 0.5601036548614502 0.046797942370176315 0.05871633067727089
5 0.7694355845451355 0.9613527655601501 0.04139862209558487 0.026780162006616592
