5 0.22588296234607697 0.9463652968406677 0.04368772730231285 0.05998570844531059
5 0.77376788854599 0.7229704856872559 0.04676170274615288 0.0598682276904583
5 0.2229459285736084 0.5625714063644409 0.045789241790771484 0.06106675788760185
5 0.8130995035171509 0.6427074074745178 0.045768167823553085 0.060941629111766815
5 0.1852087825536728 0.6433150768280029 0.04490938410162926 0.061490945518016815
5 0.223006010055542 0.7219104766845703 0.043831922113895416 0.058574382215738297
5 0.22622628509998322 0.3379576504230499 0.046044159680604935 0.058872297406196594
5 0.774316132068634 0.5641497373580933 0.04715366289019585 0.05834018066525459
5 0.7713245749473572 0.34014958143234253 0.04755249246954918 0.06079050898551941
5 0.770092785358429 0.9620794653892517 0.04097146913409233 0.026552587747573853
