5 0.1829921007156372 0.6417439579963684 0.047392796725034714 0.061977189034223557
5 0.7737590074539185 0.7228144407272339 0.04709777981042862 0.060385942459106445
5 0.22567152976989746 0.9462491869926453 0.0450681708753109 0.06076884642243385
5 0.22257331013679504 0.5614992380142212 0.045220136642456055 0.05945509299635887
5 0.2227412313222885 0.721792459487915 0.04493389278650284 0.05910216644406319
5 0.8132944107055664 0.6411897540092468 0.04708137735724449 0.06300051510334015
5 0.22569575905799866 0.33768489956855774 0.045389365404844284 0.05954138934612274
5 0.7716590762138367 0.33867594599723816 0.04684171825647354 0.06153516098856926
5 0.7736536860466003 0.5614662170410156 0.046034812927246094 0.060971830040216446
5 0.7695320248603821 0.9625813961029053 0.040341950953006744 0.02683253400027752
