4 0.3424011766910553 0.8835281133651733 0.18778657913208008 0.23096467554569244
4 0.34263673424720764 0.7064732313156128 0.1852748841047287 0.10819099843502045
4 0.6509233713150024 0.7067795395851135 0.18619213998317719 0.10799106955528259
5 0.7730118036270142 0.7228817939758301 0.04644279554486275 0.060886457562446594
5 0.22175557911396027 0.561241090297699 0.044364359229803085 0.05775442346930504
5 0.7730722427368164 0.5627552270889282 0.04586048051714897 0.06059857830405235
5 0.22516639530658722 0.33749720454216003 0.04468412324786186 0.059917792677879333
5 0.22464029490947723 0.9456872940063477 0.043730784207582474 0.060689590871334076
5 0.2217339724302292 0.7216774821281433 0.043784428387880325 0.05866434425115585
5 0.18351338803768158 0.6426578760147095 0.04435081407427788 0.05881151556968689
5 0.7707099318504333 0.33900928497314453 0.0465814583003521 0.0619020089507103
5 0.8117614984512329 0.6417083740234375 0.04602394253015518 0.062122832983732224
4 0.6507958769798279 0.8867983818054199 0.1901169866323471 0.22640322148799896
5 0.7684372663497925 0.9548850655555725 0.03941049799323082 0.04449259117245674
5 0.7681287527084351 0.9604580402374268 0.03971672058105469 0.030028022825717926
