5 0.2254927158355713 0.9470871686935425 0.04440775141119957 0.06018104776740074
5 0.18252836167812347 0.6416354775428772 0.04741823673248291 0.06070997565984726
5 0.7737317085266113 0.7227897644042969 0.04785938188433647 0.06040633097290993
5 0.8123815655708313 0.6425259709358215 0.04664459452033043 0.06166411191225052
5 0.2254086583852768 0.33753836154937744 0.04573803022503853 0.059467293322086334
5 0.7734188437461853 0.5618727207183838 0.046074580401182175 0.06135731190443039
5 0.22261404991149902 0.5620981454849243 0.044855501502752304 0.06017531454563141
5 0.22227315604686737 0.7223083972930908 0.044658362865448 0.05908050388097763
5 0.7715210318565369 0.3391631245613098 0.047329045832157135 0.062340088188648224
5 0.7689475417137146 0.9623568058013916 0.040261078625917435 0.02583685703575611
