5 0.7735859751701355 0.7215897440910339 0.04693641886115074 0.06091155856847763
5 0.22579096257686615 0.9455453753471375 0.0447876937687397 0.060217488557100296
5 0.22262783348560333 0.7208201289176941 0.04477682337164879 0.058172620832920074
5 0.22223344445228577 0.5613237619400024 0.045523501932621 0.06027241051197052
5 0.18439717590808868 0.6424888372421265 0.04644942283630371 0.06352905929088593
5 0.7738556861877441 0.5638940334320068 0.047460366040468216 0.05847372114658356
5 0.7711361050605774 0.33871862292289734 0.04681530222296715 0.06133727356791496
5 0.22574563324451447 0.3365320563316345 0.04521169885993004 0.05952877551317215
5 0.8125341534614563 0.6422762870788574 0.04580492898821831 0.05996277555823326
5 0.7692630887031555 0.9620240330696106 0.04077015072107315 0.025522762909531593
