5 0.2250996083021164 0.9489210844039917 0.044950295239686966 0.060586120933294296
5 0.7723574638366699 0.7252674102783203 0.04764404520392418 0.06135880947113037
5 0.770350456237793 0.341945081949234 0.04671745374798775 0.06038377434015274
5 0.22176294028759003 0.5644782781600952 0.045723047107458115 0.05879749730229378
5 0.22226610779762268 0.7244641184806824 0.04543152078986168 0.06046468764543533
5 0.18362681567668915 0.6456124186515808 0.04579467698931694 0.06063607335090637
5 0.8117448687553406 0.6451560854911804 0.04706607013940811 0.06242087110877037
5 0.7728805541992188 0.5653644800186157 0.04575042799115181 0.058848850429058075
5 0.2251715213060379 0.340191513299942 0.04535799100995064 0.06035567820072174
5 0.7680889964103699 0.9640066623687744 0.0405731201171875 0.02966410666704178
