5 0.22219257056713104 0.5613510608673096 0.04442038759589195 0.05731420964002609
5 0.7736088633537292 0.7223833203315735 0.04719219356775284 0.06069774553179741
5 0.22549286484718323 0.9460508227348328 0.04478273540735245 0.06039205938577652
5 0.22241555154323578 0.7213777303695679 0.04483652114868164 0.05812254548072815
5 0.813321053981781 0.6408247351646423 0.046315956860780716 0.06248929724097252
5 0.18351209163665771 0.6415594220161438 0.04481854662299156 0.05817912146449089
5 0.22512875497341156 0.3365364670753479 0.04536953195929527 0.05896250903606415
5 0.7718161940574646 0.3385062515735626 0.04825859144330025 0.06161046773195267
5 0.773400604724884 0.5615344047546387 0.04614124447107315 0.05965568497776985
5 0.7694639563560486 0.9628006815910339 0.0410982146859169 0.027595026418566704
