4 0.3440779745578766 0.8854445219039917 0.18773727118968964 0.2286134958267212
4 0.3444370925426483 0.7074549198150635 0.18642358481884003 0.10704164952039719
4 0.6519973874092102 0.7069530487060547 0.18736305832862854 0.10739537328481674
5 0.7741361856460571 0.7237053513526917 0.04725809022784233 0.062045615166425705
5 0.22299647331237793 0.5623687505722046 0.044641971588134766 0.058013249188661575
5 0.7743525505065918 0.5634620785713196 0.04640979692339897 0.06114053726196289
5 0.2262256145477295 0.3391110897064209 0.04584059864282608 0.06132427975535393
5 0.22591792047023773 0.9466423988342285 0.04421081766486168 0.060678377747535706
5 0.18448160588741302 0.642758846282959 0.0448567159473896 0.05887560918927193
5 0.7718976140022278 0.3407682180404663 0.045952606946229935 0.0637502670288086
5 0.8134865164756775 0.6430489420890808 0.045844461768865585 0.059975262731313705
5 0.22291474044322968 0.7227621078491211 0.04456691816449165 0.05965734273195267
4 0.6525899171829224 0.8857911825180054 0.1884056180715561 0.22841764986515045
1 0.580223023891449 0.056316107511520386 0.025234699249267578 0.040924008935689926
5 0.769732654094696 0.9552847146987915 0.03956756740808487 0.04622514918446541
