5 0.7735304832458496 0.7228690981864929 0.04669780656695366 0.05999463051557541
5 0.22572234272956848 0.9467008709907532 0.04474601894617081 0.06042225658893585
5 0.2220994085073471 0.5620706081390381 0.04506378248333931 0.06058812886476517
5 0.2223973274230957 0.7219963669776917 0.044233132153749466 0.05800200253725052
5 0.22561250627040863 0.33784183859825134 0.04528942331671715 0.05955323949456215
5 0.18434838950634003 0.6436915397644043 0.045522358268499374 0.061621807515621185
5 0.7739812731742859 0.5640262365341187 0.04740285873413086 0.05769185721874237
5 0.7709884643554688 0.33988383412361145 0.046631623059511185 0.06144864112138748
5 0.8120368123054504 0.6430427432060242 0.04615192487835884 0.06094787269830704
5 0.7689835429191589 0.9625025391578674 0.04104309156537056 0.026633501052856445
