4 0.34292498230934143 0.8829585313796997 0.18738479912281036 0.23280006647109985
4 0.34313496947288513 0.7039064764976501 0.1851154863834381 0.10943947732448578
4 0.6521283388137817 0.704106330871582 0.18564215302467346 0.10900649428367615
5 0.7737480401992798 0.7192333340644836 0.045702364295721054 0.058818522840738297
4 0.6516141891479492 0.8853501677513123 0.18844909965991974 0.2292996644973755
5 0.22583699226379395 0.3346816897392273 0.04502363130450249 0.05872410535812378
5 0.18412350118160248 0.639742374420166 0.04551897197961807 0.058299917727708817
5 0.22568035125732422 0.9436197280883789 0.04442095756530762 0.060390785336494446
5 0.7714871764183044 0.3364219665527344 0.046273231506347656 0.06003737822175026
5 0.2223174124956131 0.5588693618774414 0.04419837146997452 0.056905537843704224
5 0.2226121425628662 0.7186537384986877 0.04383907467126846 0.057661402970552444
5 0.7742416262626648 0.5605922937393188 0.04715881496667862 0.06001030281186104
5 0.8127641081809998 0.6400367021560669 0.04504375532269478 0.05977100506424904
5 0.7689992785453796 0.9604930877685547 0.04038276895880699 0.025846032425761223
5 0.7692209482192993 0.9565305113792419 0.0394466407597065 0.037043116986751556
