5 0.18279831111431122 0.6412375569343567 0.04724941402673721 0.061511971056461334
5 0.7730225920677185 0.7223586440086365 0.047031402587890625 0.06128426641225815
5 0.224395751953125 0.9459570050239563 0.0443151481449604 0.05995461717247963
5 0.22166351974010468 0.7209206223487854 0.0441131591796875 0.05720841884613037
5 0.812239944934845 0.6418716907501221 0.04752693325281143 0.0619775727391243
5 0.7711559534072876 0.33785220980644226 0.04726257547736168 0.0621875636279583
5 0.7729267477989197 0.5608075261116028 0.04551296308636665 0.06113097816705704
5 0.22148047387599945 0.5611792802810669 0.04467219114303589 0.05898124352097511
5 0.22467254102230072 0.33670884370803833 0.045767929404973984 0.059615738689899445
5 0.7685069441795349 0.9628270268440247 0.041521646082401276 0.025001095607876778
