5 0.7738335728645325 0.7195854783058167 0.04711208492517471 0.060419708490371704
5 0.18377895653247833 0.6391673684120178 0.04614005237817764 0.05907260254025459
5 0.22242474555969238 0.5586677193641663 0.045055091381073 0.05693293362855911
5 0.8128896951675415 0.6393596529960632 0.046475600451231 0.06106433644890785
5 0.2258046716451645 0.9432283043861389 0.045249368995428085 0.06019238755106926
5 0.2258029729127884 0.33434951305389404 0.04504251480102539 0.05932082235813141
5 0.7714561820030212 0.3363589942455292 0.04731321334838867 0.061158183962106705
5 0.22296006977558136 0.7181284427642822 0.04533066973090172 0.057992320507764816
5 0.7735996246337891 0.5593720078468323 0.046884726732969284 0.06064116954803467
5 0.7692104578018188 0.9606973528862 0.04131174087524414 0.02438322640955448
