4 0.34299197793006897 0.8840232491493225 0.1869824379682541 0.23023709654808044
4 0.34383463859558105 0.7054109573364258 0.18618802726268768 0.10905568301677704
5 0.18271736800670624 0.6391934156417847 0.04741079732775688 0.06210066005587578
5 0.7738646864891052 0.7196177244186401 0.04658546671271324 0.06001705676317215
4 0.6518511772155762 0.7051311731338501 0.18584690988063812 0.10739970952272415
5 0.7713323831558228 0.33622050285339355 0.04678669199347496 0.06041410192847252
5 0.22546716034412384 0.9438080191612244 0.04436225816607475 0.06027980148792267
4 0.6520472764968872 0.8853212594985962 0.18930606544017792 0.22935751080513
5 0.22563436627388 0.33426064252853394 0.0454741008579731 0.05902966111898422
5 0.8126951456069946 0.6398693323135376 0.04611263424158096 0.060715202242136
5 0.7732381224632263 0.55901038646698 0.045717526227235794 0.05986121669411659
5 0.22240236401557922 0.7184114456176758 0.04384655877947807 0.0572509765625
5 0.22255244851112366 0.5596939921379089 0.04469623789191246 0.05869008228182793
5 0.769722580909729 0.9527747631072998 0.0384763740003109 0.041094884276390076
5 0.7693414092063904 0.959698498249054 0.03970165178179741 0.024782313033938408
