5 0.2227853387594223 0.5610114336013794 0.04438390955328941 0.05816548690199852
5 0.22231964766979218 0.7209117412567139 0.04478100687265396 0.05861286446452141
5 0.8131396174430847 0.6412509679794312 0.04719410091638565 0.06430315226316452
5 0.7735471725463867 0.7224774956703186 0.04696941375732422 0.06153618171811104
5 0.22526760399341583 0.9462268352508545 0.04494113847613335 0.06099909543991089
5 0.18365637958049774 0.6418852210044861 0.045429375022649765 0.06062549725174904
5 0.7713991403579712 0.33819159865379333 0.04721727594733238 0.06190277263522148
5 0.7730705142021179 0.5610049962997437 0.046195220202207565 0.06052881479263306
5 0.22508986294269562 0.3369661271572113 0.0460817813873291 0.059968251734972
5 0.7695872187614441 0.962249219417572 0.04028310999274254 0.025637824088335037
