5 0.7737361192703247 0.7205672264099121 0.047556113451719284 0.05998685583472252
5 0.22261039912700653 0.7199888229370117 0.044751979410648346 0.05816242843866348
5 0.22569496929645538 0.9449529647827148 0.04500227048993111 0.060792673379182816
5 0.22243237495422363 0.5592092275619507 0.04410305246710777 0.05779510363936424
5 0.18336215615272522 0.6412368416786194 0.04557914659380913 0.05909426510334015
5 0.8132604956626892 0.64039546251297 0.046312715858221054 0.06164741888642311
5 0.2255450338125229 0.3349681496620178 0.04542369768023491 0.059048138558864594
5 0.7722893953323364 0.3364701271057129 0.04719657823443413 0.061245787888765335
5 0.7736754417419434 0.5602587461471558 0.04572601243853569 0.059724368155002594
5 0.7695901989936829 0.9616040587425232 0.04088764265179634 0.024922477081418037
3 0.7965834140777588 0.475294291973114 0.13306836783885956 0.07817749679088593
