5 0.7735782861709595 0.719803512096405 0.046851541846990585 0.06060880422592163
5 0.22255133092403412 0.7192091345787048 0.045076657086610794 0.05873620882630348
5 0.2221987247467041 0.5593020915985107 0.04469174146652222 0.05781112611293793
5 0.22558045387268066 0.943790853023529 0.04502463340759277 0.059806425124406815
5 0.7735519409179688 0.5610802173614502 0.04727287217974663 0.060381993651390076
5 0.7710463404655457 0.33742889761924744 0.046297360211610794 0.06161677464842796
5 0.22547493875026703 0.33512255549430847 0.0446508415043354 0.05921270325779915
5 0.18384891748428345 0.6400094628334045 0.044667840003967285 0.05893422290682793
5 0.8123494982719421 0.6404559016227722 0.04626865312457085 0.06050686538219452
5 0.7687355279922485 0.9608324766159058 0.04124755784869194 0.025644322857260704
