4 0.34351396560668945 0.8824082016944885 0.18705721199512482 0.23247845470905304
4 0.34447333216667175 0.7035986185073853 0.18554535508155823 0.10829956084489822
4 0.6525254249572754 0.7037478685379028 0.1862177848815918 0.10864818841218948
5 0.7741100192070007 0.7189903259277344 0.04708271101117134 0.059856757521629333
4 0.6521357893943787 0.8848311305046082 0.18726444244384766 0.23033776879310608
5 0.8133260607719421 0.6382777690887451 0.04625988006591797 0.06287844479084015
5 0.18478482961654663 0.638937771320343 0.04430096223950386 0.057956259697675705
5 0.22312751412391663 0.7179051041603088 0.04451179504394531 0.058267805725336075
5 0.22604475915431976 0.334540456533432 0.04607219621539116 0.05998825654387474
5 0.7720189094543457 0.336882621049881 0.04665489122271538 0.06250312179327011
5 0.22596168518066406 0.9430477023124695 0.044559575617313385 0.060861099511384964
5 0.7745333909988403 0.5599898099899292 0.04680223390460014 0.060537829995155334
5 0.22261829674243927 0.5586389899253845 0.04433465003967285 0.057303763926029205
5 0.7694318294525146 0.9534115791320801 0.04008502885699272 0.04374398663640022
5 0.7696673274040222 0.9591913223266602 0.041404154151678085 0.031300585716962814
