4 0.34344398975372314 0.8829796314239502 0.18678641319274902 0.2340407818555832
4 0.34401336312294006 0.7037372589111328 0.18544626235961914 0.10850955545902252
4 0.652559757232666 0.7031678557395935 0.18639545142650604 0.108603335916996
5 0.2261655628681183 0.33360835909843445 0.046472933143377304 0.05933381989598274
5 0.8126621246337891 0.6383734941482544 0.04445171356201172 0.059090059250593185
5 0.7736147046089172 0.718014657497406 0.04616832733154297 0.05916154384613037
5 0.771408200263977 0.3352345824241638 0.046915531158447266 0.060912832617759705
5 0.22591009736061096 0.9417882561683655 0.043938349932432175 0.060390401631593704
5 0.2229955643415451 0.5585746765136719 0.04561805725097656 0.060734156519174576
5 0.22300505638122559 0.7173392176628113 0.043128397315740585 0.05753232538700104
5 0.7737904191017151 0.5605050921440125 0.04657125473022461 0.05864545330405235
5 0.18558743596076965 0.6399824023246765 0.04478516802191734 0.06277191638946533
4 0.6524264216423035 0.88344407081604 0.18736028671264648 0.23311187326908112
5 0.7696470618247986 0.9560084939002991 0.040189553052186966 0.038688644766807556
5 0.7696024775505066 0.9605655670166016 0.04131507873535156 0.025565320625901222
