4 0.3429309129714966 0.8828317523002625 0.18720375001430511 0.2330222874879837
4 0.34294089674949646 0.7039154171943665 0.18569646775722504 0.10669684410095215
5 0.7738909125328064 0.7199029326438904 0.04610500484704971 0.06034618616104126
4 0.6514660120010376 0.7070723176002502 0.18523083627223969 0.10724858194589615
4 0.6515509486198425 0.8862423896789551 0.18839283287525177 0.22751523554325104
5 0.2253013700246811 0.9442147612571716 0.04463663324713707 0.06074884161353111
5 0.2252848595380783 0.33429503440856934 0.045323800295591354 0.05856915935873985
5 0.771270215511322 0.3358100354671478 0.04763469845056534 0.06164487078785896
5 0.1832519918680191 0.639722466468811 0.043918490409851074 0.05815592780709267
5 0.22224850952625275 0.5587583184242249 0.044419098645448685 0.056884512305259705
5 0.2221805900335312 0.7184004783630371 0.04473481327295303 0.05746224522590637
5 0.8127580881118774 0.6398816704750061 0.045801546424627304 0.06078235059976578
5 0.7736189365386963 0.5599391460418701 0.0468355193734169 0.060143712908029556
5 0.7690214514732361 0.9548741579055786 0.038077354431152344 0.04665914922952652
