4 0.3433230519294739 0.8834089040756226 0.18745116889476776 0.23109133541584015
4 0.3440060615539551 0.7057507038116455 0.18559466302394867 0.10729420185089111
4 0.6521275639533997 0.7048007249832153 0.18671341240406036 0.10763773322105408
5 0.22268985211849213 0.7199142575263977 0.044031716883182526 0.059038709849119186
5 0.7736064791679382 0.7209609150886536 0.047377970069646835 0.06017531454563141
5 0.18429017066955566 0.6409540772438049 0.04593992233276367 0.057926952838897705
4 0.651878297328949 0.8851444125175476 0.18865270912647247 0.22971123456954956
5 0.22581739723682404 0.33579862117767334 0.045279502868652344 0.05858464166522026
5 0.22569794952869415 0.9444698095321655 0.04468956217169762 0.060322996228933334
5 0.2226068526506424 0.559677243232727 0.04388027265667915 0.057373046875
5 0.7720105648040771 0.33775365352630615 0.04678049311041832 0.06187072768807411
5 0.7740325331687927 0.5607312321662903 0.04605751112103462 0.05998736619949341
5 0.8130630850791931 0.641079843044281 0.04561729356646538 0.06095895916223526
5 0.7703260779380798 0.9552145600318909 0.03835468366742134 0.04670565575361252
