5 0.22267833352088928 0.5604219436645508 0.04432706907391548 0.05750250816345215
5 0.7735640406608582 0.7216203212738037 0.04779491573572159 0.061241455376148224
5 0.18375198543071747 0.6408863663673401 0.04621844366192818 0.058640897274017334
5 0.2228492945432663 0.7205615639686584 0.04480109363794327 0.058998953551054
5 0.22576795518398285 0.9454588294029236 0.044466305524110794 0.05981343612074852
5 0.22537806630134583 0.3360637128353119 0.045275069773197174 0.059577830135822296
5 0.8127557635307312 0.6412174105644226 0.046248581260442734 0.060115933418273926
5 0.7735391855239868 0.5608530044555664 0.04690723493695259 0.060087900608778
5 0.7715129256248474 0.3380703628063202 0.04749908670783043 0.061997704207897186
5 0.7692248225212097 0.961554765701294 0.040108680725097656 0.025969376787543297
1 0.23393605649471283 0.8284996151924133 0.021349525079131126 0.020728252828121185
