5 0.2227470874786377 0.5600776076316833 0.04506988450884819 0.05824967846274376
5 0.2229941338300705 0.7201504111289978 0.045806027948856354 0.05929406359791756
5 0.7738036513328552 0.7216618657112122 0.04802875593304634 0.062358561903238297
5 0.18351630866527557 0.6407692432403564 0.04638533666729927 0.058554504066705704
5 0.22584466636180878 0.9452345371246338 0.04500436782836914 0.060526490211486816
5 0.7734970450401306 0.5608207583427429 0.04666309431195259 0.060787830501794815
5 0.8131179809570312 0.6404953002929688 0.04643402248620987 0.06213340908288956
5 0.22568045556545258 0.33624687790870667 0.0454103946685791 0.05923519283533096
5 0.7714176774024963 0.33868980407714844 0.0473879836499691 0.06338902562856674
5 0.7691254615783691 0.9621312022209167 0.0413549430668354 0.025439046323299408
