5 0.2257162630558014 0.946001410484314 0.04488039016723633 0.06074463576078415
5 0.7738065123558044 0.7228495478630066 0.046865273267030716 0.06029203161597252
5 0.18455684185028076 0.6428180932998657 0.046901799738407135 0.06291335821151733
5 0.22257483005523682 0.5617427229881287 0.04532980918884277 0.06042145937681198
5 0.2225610762834549 0.7215461730957031 0.044446658343076706 0.0585206113755703
5 0.22607862949371338 0.3377733528614044 0.04555387422442436 0.05951705202460289
5 0.7742223143577576 0.5638351440429688 0.047544002532958984 0.05834782496094704
5 0.7713657021522522 0.3395278751850128 0.04704771190881729 0.06145736947655678
5 0.81254643201828 0.6425817012786865 0.04634609445929527 0.06065760552883148
5 0.768878161907196 0.9623124003410339 0.04096412658691406 0.026273787021636963
