5 0.7737763524055481 0.7211205959320068 0.04772138595581055 0.06190825253725052
5 0.22188206017017365 0.7198728322982788 0.04529833793640137 0.059902120381593704
5 0.22210848331451416 0.5605502128601074 0.045038461685180664 0.058574128895998
5 0.22477789223194122 0.9453879594802856 0.044454336166381836 0.0605127289891243
5 0.7740136384963989 0.5614786148071289 0.0472259521484375 0.06047806888818741
5 0.18356993794441223 0.6409580707550049 0.04532499238848686 0.058784373104572296
5 0.8130103945732117 0.6408600807189941 0.04650859907269478 0.061724767088890076
5 0.7714192271232605 0.33857885003089905 0.047586727887392044 0.06263672560453415
5 0.2256019413471222 0.3362519145011902 0.04504108428955078 0.059854719787836075
5 0.7688984870910645 0.9614687561988831 0.04106111451983452 0.026760412380099297
