5 0.2228095829486847 0.5620557069778442 0.04454407840967178 0.05888780951499939
5 0.1827654242515564 0.6426002979278564 0.04667208343744278 0.060983169823884964
5 0.22554412484169006 0.9474346041679382 0.04455757141113281 0.06096048653125763
5 0.22238564491271973 0.7225351929664612 0.045079994946718216 0.05895053222775459
5 0.7736515998840332 0.7231788039207458 0.04673156887292862 0.05989600345492363
5 0.22563648223876953 0.33766722679138184 0.04557209089398384 0.05900857225060463
5 0.7734448313713074 0.5621492862701416 0.04624157026410103 0.06082427501678467
5 0.7717425227165222 0.3394928574562073 0.04739217832684517 0.06204918399453163
5 0.812994658946991 0.6428396105766296 0.04690666124224663 0.06215494126081467
5 0.769525945186615 0.9626789689064026 0.04112739488482475 0.02717682719230652
