5 0.22194121778011322 0.5624237060546875 0.04562101513147354 0.05978565663099289
5 0.7705196738243103 0.3397142291069031 0.04609823226928711 0.06112346053123474
5 0.22498178482055664 0.946677029132843 0.04491090774536133 0.06020831689238548
5 0.7732210159301758 0.7231875658035278 0.04645881801843643 0.05993066355586052
5 0.22214825451374054 0.7221952676773071 0.04494762420654297 0.05855119228363037
5 0.2253962606191635 0.33773618936538696 0.04503269121050835 0.05878309905529022
5 0.18399116396903992 0.6434345245361328 0.04512889310717583 0.060307323932647705
5 0.7737241983413696 0.5641149878501892 0.04626331478357315 0.057247281074523926
5 0.8120277523994446 0.6435630917549133 0.04590187221765518 0.05938567966222763
2 0.4202739894390106 0.0252506323158741 0.012304211035370827 0.019043566659092903
5 0.7688890695571899 0.9641740322113037 0.04074287414550781 0.029657479375600815
