5 0.7727527618408203 0.7211335897445679 0.04718666151165962 0.06055528670549393
5 0.22177591919898987 0.5613126158714294 0.046350814402103424 0.059872813522815704
5 0.2244812697172165 0.9453684687614441 0.04470114782452583 0.05949360504746437
5 0.22197523713111877 0.7205327749252319 0.04468299075961113 0.05880935117602348
5 0.2250516414642334 0.3365214765071869 0.04550294950604439 0.05917683616280556
5 0.7737832069396973 0.5634956955909729 0.04785442352294922 0.05837487056851387
5 0.8118529319763184 0.6409986019134521 0.04660816118121147 0.061567272990942
5 0.7708184123039246 0.3385851979255676 0.0471433661878109 0.061608556658029556
5 0.18440698087215424 0.6427799463272095 0.04391799122095108 0.06065951660275459
5 0.7684642672538757 0.9618099331855774 0.04110756143927574 0.025605713948607445
