4 0.3418107032775879 0.8851373195648193 0.1869749128818512 0.22732754051685333
4 0.3423823416233063 0.7089775204658508 0.18499965965747833 0.10536375641822815
4 0.6503849029541016 0.7061729431152344 0.18774233758449554 0.10562025755643845
5 0.18288564682006836 0.6429652571678162 0.046723365783691406 0.059989023953676224
4 0.6500234603881836 0.8858277797698975 0.188801571726799 0.22834450006484985
5 0.7730898857116699 0.7224491834640503 0.046837806701660156 0.059759918600320816
5 0.7727102637290955 0.5622613430023193 0.045143891125917435 0.060980334877967834
5 0.2244018167257309 0.9469797611236572 0.04406094551086426 0.06041206419467926
5 0.2214146852493286 0.7213277816772461 0.044077541679143906 0.05883840098977089
5 0.22430911660194397 0.3371337354183197 0.0451817512512207 0.06000202149152756
5 0.8120865225791931 0.642319917678833 0.046862076967954636 0.0622706413269043
5 0.2218514233827591 0.5614638328552246 0.042987871915102005 0.05723237246274948
5 0.7711620330810547 0.3384343087673187 0.0468938834965229 0.061295416206121445
5 0.7688584923744202 0.9547152519226074 0.039339829236269 0.0456715002655983
5 0.7684955596923828 0.9605830311775208 0.039871882647275925 0.030638374388217926
