5 0.7731710076332092 0.7219821810722351 0.04737663269042969 0.06144927814602852
5 0.18260015547275543 0.6404755711555481 0.047640394419431686 0.06205911934375763
5 0.22175255417823792 0.7205430865287781 0.04456416517496109 0.0584278479218483
5 0.22177806496620178 0.56097412109375 0.04494838789105415 0.06072727590799332
5 0.22526541352272034 0.3365679979324341 0.04564099386334419 0.059125229716300964
5 0.7710624933242798 0.33800071477890015 0.047155000269412994 0.061448514461517334
5 0.8123653531074524 0.6417903304100037 0.04769573360681534 0.06119761988520622
5 0.2245214283466339 0.9461670517921448 0.04476061090826988 0.060770757496356964
5 0.7726650238037109 0.5597811937332153 0.04528389126062393 0.061969637870788574
5 0.7686938643455505 0.9635297656059265 0.04096412658691406 0.027878157794475555
