5 0.18358035385608673 0.6416835188865662 0.047376155853271484 0.06236136704683304
5 0.7739152908325195 0.722949206829071 0.04702959209680557 0.06013581156730652
5 0.8136834502220154 0.6416029930114746 0.048201944679021835 0.06355123221874237
5 0.22618794441223145 0.94582200050354 0.044161226600408554 0.06044289842247963
5 0.22286438941955566 0.5617508888244629 0.045079946517944336 0.059184446930885315
5 0.22302933037281036 0.722145676612854 0.04477958753705025 0.05970346927642822
5 0.2259250432252884 0.3375103771686554 0.04590320587158203 0.06030190736055374
5 0.7743516564369202 0.5612983703613281 0.0460626594722271 0.061345938593149185
5 0.7724217772483826 0.33887603878974915 0.04717140272259712 0.06198445335030556
5 0.7699170112609863 0.9623876214027405 0.04095172882080078 0.025985177606344223
