5 0.22591833770275116 0.9479634165763855 0.04482565075159073 0.059614147990942
5 0.2261505126953125 0.3392149806022644 0.04571390151977539 0.060225073248147964
5 0.77351313829422 0.7249405384063721 0.047548677772283554 0.06127879023551941
5 0.7736716866493225 0.5649523735046387 0.04487123712897301 0.059323497116565704
5 0.22273407876491547 0.7238204479217529 0.04435911402106285 0.05857820436358452
5 0.22265534102916718 0.5638143420219421 0.045357026159763336 0.05921047553420067
5 0.8133009076118469 0.6446568965911865 0.04590563848614693 0.06055222824215889
5 0.18366125226020813 0.6433594822883606 0.046860694885253906 0.05892479419708252
5 0.7716237902641296 0.3413090407848358 0.04635219648480415 0.06102458015084267
5 0.769192636013031 0.9628172516822815 0.04072589799761772 0.030635571107268333
1 0.9802848696708679 0.4264731705188751 0.015589714050292969 0.01821001060307026
