5 0.22233538329601288 0.7197363972663879 0.044289588928222656 0.05883203074336052
5 0.7730898261070251 0.7211384773254395 0.047054290771484375 0.06063072010874748
5 0.22524142265319824 0.9446699023246765 0.044681645929813385 0.060760945081710815
5 0.2253996878862381 0.3360155522823334 0.04557857662439346 0.05945945531129837
5 0.18409687280654907 0.642018735408783 0.04528796672821045 0.062009554356336594
5 0.22161641716957092 0.5607577562332153 0.046065568923950195 0.05975966155529022
5 0.7705768942832947 0.3378957211971283 0.046216487884521484 0.059772148728370667
5 0.7736574411392212 0.5628690719604492 0.04701652750372887 0.05811566486954689
5 0.8119478225708008 0.6416256427764893 0.04668460041284561 0.06023966148495674
5 0.7687215209007263 0.9621803760528564 0.0418795607984066 0.025448985397815704
