5 0.18344490230083466 0.6413776874542236 0.04733872413635254 0.05903284624218941
5 0.7738486528396606 0.7228615283966064 0.04757127910852432 0.059992335736751556
5 0.22253742814064026 0.5612030625343323 0.04390764236450195 0.05716636776924133
5 0.2226785272359848 0.7212855815887451 0.04434929043054581 0.05773186683654785
5 0.7740516066551208 0.5623149275779724 0.04629964753985405 0.06044952571392059
5 0.8132792711257935 0.6422625184059143 0.046875 0.062050964683294296
5 0.2259046584367752 0.946437418460846 0.04478636011481285 0.06073087453842163
5 0.7725734114646912 0.3386627733707428 0.0470491424202919 0.06191634386777878
5 0.22577977180480957 0.3370254337787628 0.04504232481122017 0.05901946872472763
5 0.7699164748191833 0.9629872441291809 0.040457725524902344 0.028202829882502556
