4 0.500781 0.587683 0.135937 0.824635
0 0.360938 0.125261 0.103125 0.066806
1 0.826562 0.802714 0.153125 0.219207
4 0.341406 0.877871 0.185938 0.223382
0 0.781250 0.172234 0.087500 0.106472
5 0.221875 0.719207 0.046875 0.060543
4 0.652344 0.704593 0.185938 0.110647
4 0.650781 0.577244 0.185938 0.110647
5 0.773438 0.561587 0.046875 0.062630
4 0.649219 0.352818 0.189062 0.334029
5 0.221094 0.560543 0.048438 0.060543
4 0.343750 0.575157 0.181250 0.114823
4 0.341406 0.703549 0.182812 0.112735
5 0.770312 0.336117 0.046875 0.062630
5 0.183594 0.638831 0.045312 0.058455
5 0.225000 0.942589 0.046875 0.060543
5 0.811719 0.639875 0.045312 0.060543
5 0.773438 0.718163 0.046875 0.058455
4 0.344531 0.348643 0.185938 0.325678
4 0.653906 0.884134 0.185938 0.231733
5 0.225000 0.334029 0.043750 0.058455
0 0.887500 0.759916 0.159375 0.125261
5 0.768750 0.961378 0.040625 0.027140
4 0.652344 0.980167 0.179688 0.039666
0 0.349219 0.167015 0.048438 0.083507
0 0.239063 0.430063 0.031250 0.016701
