5 0.7737194895744324 0.7202500104904175 0.04699115827679634 0.06048877164721489
5 0.2225828617811203 0.7189491391181946 0.04439563676714897 0.05796084553003311
5 0.22234530746936798 0.5593732595443726 0.04440317302942276 0.05697816610336304
5 0.18381313979625702 0.6402837038040161 0.04572610929608345 0.059160016477108
5 0.22566838562488556 0.9441981911659241 0.04485206678509712 0.05953157693147659
5 0.8128712773323059 0.6396019458770752 0.04587841033935547 0.061330266296863556
5 0.7714623808860779 0.33723872900009155 0.04708852991461754 0.06218985468149185
5 0.2256031036376953 0.3349303603172302 0.045202162116765976 0.05998736619949341
5 0.7742247581481934 0.5605830550193787 0.047743987292051315 0.05988262593746185
0 0.627903938293457 0.07668770849704742 0.14387360215187073 0.1269843578338623
1 0.06871132552623749 0.4395911395549774 0.02650930918753147 0.0331907644867897
5 0.7691115140914917 0.9606345891952515 0.04095344617962837 0.02626652456820011
0 0.4783666133880615 0.09613219648599625 0.028426552191376686 0.1917618066072464
