4 0.343750 0.886221 0.187500 0.227557
4 0.343750 0.707724 0.187500 0.108559
5 0.182812 0.641962 0.046875 0.060543
5 0.773438 0.722338 0.046875 0.058455
4 0.652344 0.885177 0.189062 0.229645
4 0.652344 0.707724 0.185938 0.104384
5 0.225781 0.946764 0.045312 0.060543
5 0.222656 0.721294 0.045312 0.056367
5 0.814063 0.640919 0.046875 0.062630
5 0.774219 0.561587 0.045312 0.062630
5 0.771875 0.338205 0.046875 0.062630
5 0.222656 0.561587 0.045312 0.058455
5 0.225781 0.337161 0.045312 0.060543
5 0.769531 0.958246 0.039062 0.037578
1 0.756250 0.906054 0.012500 0.020877
