5 0.22215448319911957 0.5624478459358215 0.04566020891070366 0.06054993346333504
5 0.22249935567378998 0.722985565662384 0.04516616091132164 0.059790242463350296
5 0.22536301612854004 0.9473289847373962 0.04472551494836807 0.059953343123197556
5 0.7730974555015564 0.7236461639404297 0.04720420762896538 0.060861099511384964
5 0.22540931403636932 0.3383219540119171 0.04472103342413902 0.059762340039014816
5 0.7708267569541931 0.3397388160228729 0.046591758728027344 0.060750626027584076
5 0.18397536873817444 0.6439014077186584 0.04539213329553604 0.060844916850328445
5 0.7741842269897461 0.5647847652435303 0.048249341547489166 0.059427857398986816
5 0.8122251629829407 0.6431533694267273 0.046963881701231 0.061575427651405334
5 0.7684910893440247 0.9634799361228943 0.04118786007165909 0.02747168205678463
