4 0.343750 0.883090 0.187500 0.233820
4 0.344531 0.703549 0.185938 0.108559
4 0.652344 0.702505 0.185938 0.110647
5 0.773438 0.718163 0.046875 0.058455
5 0.771875 0.335073 0.046875 0.060543
5 0.813281 0.639875 0.045312 0.060543
5 0.225781 0.334029 0.045312 0.058455
5 0.222656 0.718163 0.045312 0.058455
5 0.775000 0.559499 0.046875 0.058455
5 0.222656 0.558455 0.045312 0.056367
5 0.226562 0.942589 0.043750 0.060543
5 0.184375 0.638831 0.043750 0.058455
4 0.651563 0.883090 0.187500 0.233820
5 0.770312 0.954071 0.040625 0.045929
5 0.769531 0.959290 0.042188 0.031315
2 0.585156 0.807933 0.014063 0.020877
