5 0.22254519164562225 0.5617242455482483 0.04504671320319176 0.058174245059490204
5 0.7738398909568787 0.7219390273094177 0.04760284349322319 0.06168679520487785
5 0.2253793329000473 0.9458613395690918 0.045240309089422226 0.06049080938100815
5 0.7730607390403748 0.5622578859329224 0.0462162010371685 0.060876261442899704
5 0.18358170986175537 0.6412937045097351 0.045287277549505234 0.05951501429080963
5 0.8122046589851379 0.6421488523483276 0.04719410091638565 0.06207874417304993
5 0.22542773187160492 0.3370761573314667 0.04526052623987198 0.06034586951136589
5 0.2224622219800949 0.7215137481689453 0.04579434543848038 0.05924946442246437
5 0.7709790468215942 0.33908769488334656 0.04623222351074219 0.06204204633831978
5 0.7689162492752075 0.9620558023452759 0.040629006922245026 0.02618803270161152
