5 0.22265668213367462 0.5612906217575073 0.04438304901123047 0.05843520537018776
5 0.22198665142059326 0.7211423516273499 0.04464998468756676 0.057944152504205704
5 0.22502262890338898 0.9457864165306091 0.04462838172912598 0.060511961579322815
5 0.7734573483467102 0.7222277522087097 0.047014620155096054 0.06169520318508148
5 0.8127712607383728 0.6413471698760986 0.047052051872015 0.0631423369050026
5 0.22528238594532013 0.3366476595401764 0.04561023786664009 0.05900430679321289
5 0.18361954391002655 0.6412602066993713 0.04527540132403374 0.05988504737615585
5 0.7715390920639038 0.337602436542511 0.04752492904663086 0.061219409108161926
5 0.7731418013572693 0.5606354475021362 0.046010684221982956 0.060873810201883316
5 0.7688407897949219 0.9635319113731384 0.03947925567626953 0.030135568231344223
