5 0.2217217981815338 0.7200055718421936 0.04483018070459366 0.0593385323882103
5 0.7731806635856628 0.7210171222686768 0.04709625244140625 0.06121737137436867
5 0.22524097561836243 0.3356134593486786 0.04578123241662979 0.05818995088338852
5 0.22214248776435852 0.5604258179664612 0.0450168140232563 0.058640897274017334
5 0.8121618628501892 0.6408483386039734 0.04731178283691406 0.06201171875
5 0.22471976280212402 0.9454115629196167 0.04471950605511665 0.05977380648255348
5 0.18349163234233856 0.641290545463562 0.044965554028749466 0.05983738973736763
5 0.7729142308235168 0.5596691966056824 0.045951079577207565 0.06054674834012985
5 0.7710276246070862 0.3372812271118164 0.04686851426959038 0.06082236394286156
5 0.7685613036155701 0.9620676636695862 0.04033041000366211 0.02504097856581211
