4 0.34357908368110657 0.883895754814148 0.18723225593566895 0.2294924408197403
4 0.3438899517059326 0.7052297592163086 0.18623343110084534 0.1086086854338646
4 0.6521443128585815 0.7075375914573669 0.18561449646949768 0.1067580059170723
5 0.7740492224693298 0.7213716506958008 0.04670581966638565 0.06031050905585289
5 0.2228429615497589 0.720594584941864 0.0439363494515419 0.057267289608716965
5 0.1841001808643341 0.6411055326461792 0.04633784294128418 0.05988236889243126
4 0.6525371670722961 0.8871809840202332 0.1895572692155838 0.22563806176185608
5 0.2257848083972931 0.3363044559955597 0.04523816332221031 0.05838949233293533
5 0.7721161842346191 0.3375815749168396 0.046714019030332565 0.06095666438341141
5 0.22282519936561584 0.5604553818702698 0.04327197000384331 0.05675017833709717
5 0.22582244873046875 0.9450125694274902 0.04395332559943199 0.060466598719358444
5 0.7741575241088867 0.5608084797859192 0.045615579932928085 0.06055047735571861
5 0.8134856224060059 0.6415086984634399 0.04539661481976509 0.060173530131578445
1 0.8422737121582031 0.784302294254303 0.015769576653838158 0.02224075235426426
5 0.7700414657592773 0.9617143273353577 0.04045562818646431 0.026434212923049927
5 0.7699078917503357 0.9531296491622925 0.03887128829956055 0.0443335697054863
