4 0.34329408407211304 0.8834712505340576 0.18688607215881348 0.2310546487569809
4 0.3435382544994354 0.704253613948822 0.18611574172973633 0.10861862450838089
5 0.18317534029483795 0.6397364139556885 0.04727728292346001 0.061613526195287704
5 0.7736997008323669 0.720592200756073 0.047243308275938034 0.060675445944070816
4 0.6524202227592468 0.8845533132553101 0.18771305680274963 0.23089344799518585
4 0.6521019339561462 0.7059720158576965 0.1860172301530838 0.1065036728978157
5 0.2223067730665207 0.7187085747718811 0.0440094955265522 0.057365529239177704
5 0.22566281259059906 0.9443173408508301 0.04446392133831978 0.060809746384620667
5 0.7723819613456726 0.33645522594451904 0.0472959540784359 0.06181396171450615
5 0.8135324716567993 0.6397194266319275 0.04685039445757866 0.06291845440864563
5 0.2255457192659378 0.3341120481491089 0.04540104791522026 0.058922119438648224
5 0.2225094884634018 0.559965193271637 0.04525914415717125 0.059187762439250946
5 0.7740963697433472 0.5590376853942871 0.04550991207361221 0.06047886610031128
5 0.769698441028595 0.954007089138031 0.039711952209472656 0.04322359338402748
5 0.7698224782943726 0.960289716720581 0.0409451499581337 0.027257869020104408
