4 0.3428821265697479 0.8831652998924255 0.1876768171787262 0.2336694747209549
4 0.34340700507164 0.7038320899009705 0.18526458740234375 0.10881970077753067
4 0.6519659757614136 0.7036997079849243 0.18621483445167542 0.10888990759849548
5 0.773256778717041 0.7189579606056213 0.04628133773803711 0.059368476271629333
5 0.22530816495418549 0.334178626537323 0.045266102999448776 0.059016283601522446
5 0.22517931461334229 0.9428975582122803 0.04426398500800133 0.06031101942062378
5 0.2217715084552765 0.5593461394309998 0.04575009271502495 0.05860254168510437
5 0.1841268688440323 0.6395466327667236 0.04427897930145264 0.05974220484495163
4 0.6504465937614441 0.8838914632797241 0.18746642768383026 0.23221711814403534
5 0.22223296761512756 0.718100905418396 0.04411435127258301 0.05830042436718941
5 0.7704896330833435 0.336185097694397 0.04662656784057617 0.060593511909246445
5 0.7729480862617493 0.5613309741020203 0.046060945838689804 0.05887560918927193
5 0.8119004368782043 0.6400423049926758 0.04581299051642418 0.058178991079330444
1 0.3687622845172882 0.3391181528568268 0.05078129842877388 0.0685766339302063
5 0.7693889737129211 0.9531506299972534 0.04028129577636719 0.04285356029868126
5 0.7690644860267639 0.9602622985839844 0.04137306287884712 0.02575581707060337
