5 0.22266440093517303 0.7204993367195129 0.04570532962679863 0.05825620889663696
5 0.22234554588794708 0.5611015558242798 0.04478168487548828 0.05867823213338852
5 0.7731863856315613 0.7223483920097351 0.04773254320025444 0.06168195232748985
5 0.22577834129333496 0.9455168843269348 0.04489564895629883 0.06115799397230148
5 0.7734119892120361 0.561863899230957 0.04723034054040909 0.06124970316886902
5 0.7714018225669861 0.33876901865005493 0.04783039167523384 0.06348612159490585
5 0.8132390975952148 0.6418992877006531 0.046451520174741745 0.06162168085575104
5 0.18361498415470123 0.6413164138793945 0.045981910079717636 0.05948073789477348
5 0.22533316910266876 0.33719488978385925 0.045282650738954544 0.059885174036026
5 0.7693411111831665 0.9617823362350464 0.04067821428179741 0.02711464650928974
