4 0.3432856500148773 0.8845347166061401 0.1875171661376953 0.2309306561946869
4 0.34390050172805786 0.7058112025260925 0.1863071471452713 0.10905415564775467
4 0.6518955230712891 0.7043197154998779 0.18685512244701385 0.10801362246274948
5 0.774081826210022 0.7211427688598633 0.04729309305548668 0.06117073446512222
5 0.2226623147726059 0.7199066281318665 0.044021036475896835 0.05860547348856926
5 0.18459241092205048 0.6412571668624878 0.04510359838604927 0.05886567011475563
5 0.2224787026643753 0.5602597594261169 0.044280290603637695 0.05897155776619911
5 0.2259150743484497 0.33640021085739136 0.04582829400897026 0.059736791998147964
5 0.7716365456581116 0.33833572268486023 0.04677334055304527 0.062449861317873
5 0.7739827036857605 0.5615382194519043 0.04730262979865074 0.0603761300444603
5 0.22580671310424805 0.944532573223114 0.04418335109949112 0.061220940202474594
5 0.813007652759552 0.6411280632019043 0.045362282544374466 0.061085108667612076
4 0.6515122652053833 0.8843206763267517 0.18797416985034943 0.23135867714881897
5 0.7696879506111145 0.9540378451347351 0.0391172431409359 0.04459847882390022
5 0.7693962454795837 0.9595456719398499 0.039850424975156784 0.030139900743961334
