5 0.7741522192955017 0.7205019593238831 0.04689674451947212 0.05966154858469963
5 0.18333663046360016 0.6399569511413574 0.046665310859680176 0.060718003660440445
5 0.22251637279987335 0.7189929485321045 0.04381690174341202 0.056996770203113556
5 0.2256551831960678 0.9444723725318909 0.04500856623053551 0.060657352209091187
5 0.222317174077034 0.5595276951789856 0.044612932950258255 0.05789101868867874
5 0.7724882960319519 0.3365784287452698 0.04729871824383736 0.061519041657447815
5 0.813205361366272 0.6399868726730347 0.04686093330383301 0.061204373836517334
5 0.22545471787452698 0.33444100618362427 0.04575176164507866 0.0591382272541523
5 0.7742584943771362 0.5597026944160461 0.04602232202887535 0.06019442528486252
5 0.7695524096488953 0.9609794616699219 0.041822146624326706 0.02514011412858963
