5 0.7736273407936096 0.7200998067855835 0.047611236572265625 0.060280054807662964
5 0.18294470012187958 0.640030562877655 0.0463046096265316 0.06114856153726578
5 0.22204625606536865 0.7198455929756165 0.04484524950385094 0.059482648968696594
5 0.2252149134874344 0.9448680877685547 0.044963933527469635 0.06173444911837578
5 0.8128048181533813 0.6392410397529602 0.04781856760382652 0.06421764940023422
5 0.7728151679039001 0.559565544128418 0.04623384401202202 0.0605054646730423
5 0.22539186477661133 0.33522936701774597 0.04550814628601074 0.0584375336766243
5 0.7711158394813538 0.33669140934944153 0.04691162332892418 0.061801791191101074
5 0.22225256264209747 0.5600929856300354 0.044847022742033005 0.059058044105768204
5 0.7689666748046875 0.9617633819580078 0.04049739986658096 0.02414456568658352
