4 0.342885822057724 0.8830576539039612 0.18755964934825897 0.2307521402835846
4 0.3432368338108063 0.7048385739326477 0.1862909346818924 0.10779586434364319
4 0.6516591906547546 0.7057569026947021 0.18652668595314026 0.10847705602645874
5 0.22214913368225098 0.7203089594841003 0.044474221765995026 0.057971421629190445
5 0.7737865447998047 0.7220906019210815 0.04742307588458061 0.062001779675483704
4 0.651589035987854 0.8865333199501038 0.18879948556423187 0.22693343460559845
5 0.2253882884979248 0.9454469680786133 0.044204141944646835 0.06091499701142311
5 0.22265532612800598 0.5601370930671692 0.04410357400774956 0.05724422261118889
5 0.7714135646820068 0.3371554911136627 0.04748592525720596 0.06073329597711563
5 0.18327167630195618 0.6412302255630493 0.044709064066410065 0.059148672968149185
5 0.22527948021888733 0.3360311686992645 0.04537716135382652 0.05929240584373474
5 0.8130193948745728 0.6411740779876709 0.04563732072710991 0.06034758687019348
5 0.7729249000549316 0.5605641603469849 0.04512195661664009 0.05992977321147919
5 0.7698138952255249 0.9541042447090149 0.038556672632694244 0.044740427285432816
5 0.7696210741996765 0.9604477286338806 0.03925151750445366 0.028735071420669556
