5 0.7736527323722839 0.7198494076728821 0.04763374477624893 0.061801984906196594
5 0.22542814910411835 0.9441804885864258 0.04496283456683159 0.06072361022233963
5 0.8129884004592896 0.6387012600898743 0.04629650339484215 0.062197502702474594
5 0.771760880947113 0.33547884225845337 0.04753761366009712 0.06032401695847511
5 0.2253517210483551 0.33400845527648926 0.04548225551843643 0.05929718539118767
5 0.1837214231491089 0.6388909220695496 0.04504971578717232 0.05900685489177704
5 0.22279520332813263 0.5588819980621338 0.0450098030269146 0.05777522549033165
5 0.2227664440870285 0.7186756134033203 0.044912051409482956 0.05836031585931778
5 0.7731804847717285 0.559123158454895 0.04621467739343643 0.05944709852337837
5 0.7691977620124817 0.9610625505447388 0.04104652628302574 0.024410367012023926
