5 0.773669421672821 0.7213992476463318 0.047370340675115585 0.0608789399266243
5 0.2222025841474533 0.5604854226112366 0.04475213214755058 0.0580006018280983
5 0.18319301307201385 0.6410949230194092 0.04544105753302574 0.05982796102762222
5 0.22264881432056427 0.7204645872116089 0.044713497161865234 0.05826016142964363
5 0.22546394169330597 0.9452598690986633 0.04471564292907715 0.060913342982530594
5 0.8134790658950806 0.6406485438346863 0.046923018991947174 0.0616602897644043
5 0.7721267938613892 0.3373149633407593 0.04719524458050728 0.06123068556189537
5 0.7738392949104309 0.5605685114860535 0.04616670683026314 0.06104089319705963
5 0.22518940269947052 0.33577728271484375 0.04529714584350586 0.05923538655042648
5 0.7696521878242493 0.961799681186676 0.04064617305994034 0.025860557332634926
