4 0.342187 0.885177 0.187500 0.229645
4 0.342969 0.705637 0.185938 0.108559
4 0.650781 0.707724 0.185938 0.104384
4 0.650781 0.886221 0.189062 0.227557
5 0.773438 0.721294 0.046875 0.060543
5 0.225000 0.946764 0.043750 0.060543
5 0.221875 0.560543 0.043750 0.056367
5 0.183594 0.641962 0.045312 0.060543
5 0.221875 0.720251 0.043750 0.058455
5 0.225000 0.337161 0.046875 0.060543
5 0.770312 0.338205 0.046875 0.062630
5 0.772656 0.560543 0.045312 0.060543
5 0.811719 0.641962 0.045312 0.060543
5 0.769531 0.954071 0.039062 0.045929
5 0.768750 0.961378 0.040625 0.027140
2 0.780469 0.217119 0.010937 0.029228
