4 0.3432888984680176 0.8830837607383728 0.1872270554304123 0.23022079467773438
4 0.3434552848339081 0.7054424285888672 0.1860184669494629 0.10793767869472504
4 0.6518697142601013 0.7060865759849548 0.1856798231601715 0.10805083066225052
4 0.6518509984016418 0.8864316940307617 0.18824215233325958 0.22713667154312134
5 0.22286777198314667 0.7203119397163391 0.044345952570438385 0.05812585726380348
5 0.7734028697013855 0.7218338847160339 0.04713001474738121 0.06178363412618637
5 0.18343965709209442 0.6413494944572449 0.0461437962949276 0.06035879999399185
5 0.22277121245861053 0.5604265928268433 0.0442257896065712 0.058251019567251205
5 0.22570081055164337 0.9453166127204895 0.0449950210750103 0.06111747398972511
5 0.771556556224823 0.3374886214733124 0.04729289934039116 0.06050138548016548
5 0.22544269263744354 0.3357170820236206 0.04530801996588707 0.05921531468629837
5 0.7734109163284302 0.560050368309021 0.0461183562874794 0.061536308377981186
5 0.8131896257400513 0.6413627862930298 0.045424461364746094 0.06005706638097763
5 0.7700763940811157 0.953967273235321 0.03957996517419815 0.045288849622011185
5 0.7699486613273621 0.9599757194519043 0.04037323221564293 0.02985549345612526
