5 0.22590437531471252 0.9483028054237366 0.04497280344367027 0.06058344617486
5 0.7741233706474304 0.7245345711708069 0.04818897321820259 0.06280122697353363
5 0.22621193528175354 0.33984068036079407 0.045780278742313385 0.06116155907511711
5 0.773841381072998 0.5647579431533813 0.04522905498743057 0.06103770434856415
5 0.22277481853961945 0.5641745328903198 0.046087026596069336 0.06030821427702904
5 0.7717425227165222 0.34214985370635986 0.046266939491033554 0.06303096562623978
5 0.8132907748222351 0.6446490287780762 0.0464845672249794 0.06168755888938904
5 0.2229394018650055 0.724155843257904 0.0454648993909359 0.060700420290231705
5 0.18446235358715057 0.6433733701705933 0.045159485191106796 0.05814598873257637
5 0.7687886357307434 0.9635742902755737 0.04170046001672745 0.03082950785756111
