5 0.773438 0.720251 0.046875 0.058455
5 0.222656 0.559499 0.045312 0.058455
5 0.222656 0.720251 0.045312 0.058455
5 0.812500 0.639875 0.046875 0.064718
5 0.225000 0.944676 0.043750 0.060543
5 0.771875 0.337161 0.046875 0.060543
5 0.225781 0.336117 0.045312 0.058455
5 0.773438 0.560543 0.046875 0.060543
5 0.182812 0.640919 0.043750 0.058455
5 0.770312 0.962422 0.040625 0.025052
2 0.780469 0.983299 0.023438 0.020877
0 0.693750 0.056367 0.015625 0.108559
2 0.175781 0.515658 0.017188 0.020877
2 0.146875 0.598121 0.018750 0.018789
2 0.225781 0.679541 0.026562 0.022965
2 0.294531 0.895616 0.010937 0.020877
2 0.344531 0.616910 0.017188 0.031315
