5 0.7737969756126404 0.7205221652984619 0.04704485088586807 0.06016014888882637
5 0.22273962199687958 0.7190713286399841 0.04482979699969292 0.058130063116550446
5 0.22564660012722015 0.9445017576217651 0.044961120933294296 0.06069978326559067
5 0.22220773994922638 0.5592789053916931 0.0441410057246685 0.05658698081970215
5 0.8129777908325195 0.6394352912902832 0.046160317957401276 0.06174769997596741
5 0.18340365588665009 0.6401318311691284 0.04499564319849014 0.05827481299638748
5 0.7720008492469788 0.3365424871444702 0.047972965985536575 0.061960432678461075
5 0.22525517642498016 0.33429795503616333 0.04584517702460289 0.05931750684976578
5 0.7736788392066956 0.5603022575378418 0.04682312160730362 0.05847792327404022
5 0.76931232213974 0.9602856040000916 0.04079094156622887 0.026120880618691444
