4 0.3432373106479645 0.8829110860824585 0.18747501075267792 0.23272705078125
4 0.3434993326663971 0.7044793963432312 0.18397103250026703 0.10849592089653015
4 0.6514444351196289 0.7046602368354797 0.18571224808692932 0.10844775289297104
5 0.7737463712692261 0.7193576693534851 0.047057341784238815 0.06090862676501274
5 0.22222648561000824 0.7191998362541199 0.04581116512417793 0.05965084582567215
5 0.22549958527088165 0.33535221219062805 0.044878482818603516 0.05950481817126274
5 0.22213177382946014 0.5597676634788513 0.04513835906982422 0.05880692973732948
5 0.22576561570167542 0.9438466429710388 0.04549369961023331 0.06097552552819252
5 0.18361054360866547 0.6392132043838501 0.04438939318060875 0.05736285448074341
5 0.7739086151123047 0.5610417127609253 0.046685028821229935 0.06179637834429741
4 0.6509955525398254 0.8847255110740662 0.18804359436035156 0.23054903745651245
5 0.7710870504379272 0.33777111768722534 0.046686556190252304 0.06231402978301048
5 0.8125141263008118 0.6405525207519531 0.04617123678326607 0.06110727787017822
5 0.7692020535469055 0.9549832344055176 0.040894415229558945 0.04663863405585289
5 0.7690042853355408 0.9599494934082031 0.041892051696777344 0.033097364008426666
