5 0.22100868821144104 0.7207493782043457 0.04454709216952324 0.05770931392908096
5 0.7730652689933777 0.7220456600189209 0.04722271114587784 0.06098520755767822
5 0.18286502361297607 0.6424188613891602 0.04675779491662979 0.059955891221761703
5 0.2212419956922531 0.5610307455062866 0.044225871562957764 0.057590559124946594
5 0.22442598640918732 0.9459388256072998 0.044361066073179245 0.059999216347932816
5 0.8118257522583008 0.6411181092262268 0.04693775251507759 0.06216488033533096
5 0.22431479394435883 0.3365090489387512 0.04593782499432564 0.05983114615082741
5 0.7710835337638855 0.3383704423904419 0.047269631177186966 0.062277521938085556
5 0.7729024291038513 0.5612525939941406 0.045629408210515976 0.05996481329202652
5 0.7686828970909119 0.9636760950088501 0.040964510291814804 0.029191879555583
