5 0.7738193869590759 0.7219806909561157 0.047345925122499466 0.06108102947473526
5 0.2225058525800705 0.7208840250968933 0.04449043422937393 0.05792835354804993
5 0.22554321587085724 0.9455810189247131 0.04487581178545952 0.060910664498806
5 0.22235074639320374 0.5613519549369812 0.04585981369018555 0.06074925512075424
5 0.7741923928260803 0.5637257099151611 0.04771137237548828 0.058540232479572296
5 0.1846185177564621 0.6427361369132996 0.04703805595636368 0.06336341053247452
5 0.7710880637168884 0.3391183316707611 0.04644775390625 0.060384415090084076
5 0.2256162166595459 0.3372231423854828 0.04538169130682945 0.06059848144650459
5 0.8120149970054626 0.6426329016685486 0.04634132608771324 0.060215070843696594
1 0.8208240866661072 0.1207108274102211 0.02027282677590847 0.02837078832089901
5 0.7688175439834595 0.9621608257293701 0.04142646864056587 0.025766393169760704
