5 0.7728103995323181 0.7230765223503113 0.04772453382611275 0.06086721643805504
5 0.2248455137014389 0.9466447234153748 0.04483442381024361 0.060464050620794296
5 0.22205959260463715 0.562383234500885 0.04723868519067764 0.06178172305226326
5 0.1839529573917389 0.6435973644256592 0.04539933428168297 0.062420234084129333
5 0.2220701277256012 0.7221090793609619 0.04497218132019043 0.05880030244588852
5 0.22524523735046387 0.33801180124282837 0.04555149003863335 0.05970461666584015
5 0.8115226626396179 0.6424418687820435 0.04656219482421875 0.06130185350775719
5 0.7736703753471375 0.5639795064926147 0.04776744917035103 0.05848671495914459
5 0.7707324028015137 0.3396436274051666 0.0468875877559185 0.06228019669651985
5 0.7684128880500793 0.9627647995948792 0.04165659099817276 0.026288313791155815
