5 0.7739760279655457 0.7202019691467285 0.04762716218829155 0.06134861707687378
5 0.18391108512878418 0.6403319239616394 0.04592866823077202 0.061049684882164
5 0.22220449149608612 0.5597365498542786 0.046359337866306305 0.05934413895010948
5 0.22570005059242249 0.9443577527999878 0.04497022554278374 0.061027128249406815
5 0.222421795129776 0.7184454798698425 0.04506446048617363 0.057544559240341187
5 0.22574499249458313 0.3344077467918396 0.04556417465209961 0.05843421816825867
5 0.8128470778465271 0.6400831937789917 0.04576149210333824 0.06075126305222511
5 0.7709963917732239 0.3367730379104614 0.047075655311346054 0.06095736473798752
5 0.773426353931427 0.5614352822303772 0.04716930538415909 0.05824591964483261
5 0.7692964673042297 0.9609116315841675 0.040860652923583984 0.025051172822713852
