4 0.34260639548301697 0.8831777572631836 0.18665900826454163 0.23096111416816711
4 0.3427531123161316 0.7046402096748352 0.1853630542755127 0.10915507376194
4 0.6512970328330994 0.706151008605957 0.18541565537452698 0.107978455722332
5 0.22533093392848969 0.3338779807090759 0.045067932456731796 0.057558573782444
4 0.6512780785560608 0.8859899640083313 0.18949079513549805 0.2280200868844986
5 0.18331383168697357 0.6389848589897156 0.044310640543699265 0.05853946879506111
5 0.7734912037849426 0.7191344499588013 0.046709250658750534 0.059546101838350296
5 0.2254997342824936 0.9434413313865662 0.0451054573059082 0.06054534763097763
5 0.7710160613059998 0.3361283838748932 0.046053696423769 0.06052616983652115
5 0.8124163746833801 0.6398535966873169 0.045845985412597656 0.060599882155656815
5 0.22233600914478302 0.5585724711418152 0.04446687921881676 0.056755561381578445
5 0.22225336730480194 0.7186855673789978 0.044356394559144974 0.05702697113156319
5 0.7732164263725281 0.5595005750656128 0.04565582424402237 0.05974743142724037
5 0.7691280245780945 0.9525262713432312 0.03844881057739258 0.042699508368968964
5 0.769160807132721 0.9594287872314453 0.03993110731244087 0.02810930274426937
