4 0.344531 0.703549 0.185938 0.108559
4 0.652344 0.703549 0.185938 0.108559
5 0.774219 0.719207 0.045312 0.060543
4 0.344531 0.883090 0.185938 0.233820
5 0.772656 0.337161 0.045312 0.060543
5 0.223438 0.718163 0.043750 0.058455
5 0.226562 0.942589 0.043750 0.060543
5 0.775000 0.560543 0.046875 0.060543
5 0.813281 0.639875 0.045312 0.060543
4 0.652344 0.885177 0.189062 0.229645
5 0.185156 0.639875 0.042188 0.056367
5 0.226562 0.334029 0.043750 0.058455
5 0.223438 0.558455 0.043750 0.056367
1 0.242969 0.123173 0.014063 0.016701
5 0.769531 0.954071 0.039062 0.041754
5 0.769531 0.960334 0.042188 0.025052
2 0.361719 0.391441 0.017188 0.018789
