5 0.7733513116836548 0.719360888004303 0.04768781736493111 0.06141538545489311
5 0.22224807739257812 0.5593917965888977 0.04556483030319214 0.058606524020433426
5 0.22557087242603302 0.9439943432807922 0.045603085309267044 0.060981132090091705
5 0.22573165595531464 0.33508047461509705 0.04532880708575249 0.06030859798192978
5 0.2224370539188385 0.7184967994689941 0.04562978819012642 0.05849257856607437
5 0.8124338388442993 0.6398910284042358 0.04682579264044762 0.06142264977097511
5 0.1837179809808731 0.63866126537323 0.044693779200315475 0.05775301903486252
5 0.7710174918174744 0.3374885022640228 0.04660940170288086 0.062074411660432816
5 0.7737712860107422 0.5602099299430847 0.04697780683636665 0.06095857545733452
5 0.7685187458992004 0.9607986211776733 0.04203996807336807 0.02613528072834015
