5 0.22576527297496796 0.9483499526977539 0.045069217681884766 0.060231760144233704
5 0.7731488347053528 0.5642642974853516 0.04438323900103569 0.05926603078842163
5 0.8134707808494568 0.6434100866317749 0.0471343994140625 0.0632571429014206
5 0.22582025825977325 0.3388790190219879 0.04532518610358238 0.05995308980345726
5 0.7735255360603333 0.7249357104301453 0.047365952283144 0.06073176488280296
5 0.18320302665233612 0.6442853808403015 0.04708504676818848 0.05943511798977852
5 0.22284650802612305 0.7242886424064636 0.045387934893369675 0.05954406410455704
5 0.22279024124145508 0.5635479092597961 0.0455995574593544 0.058940339833498
5 0.7711424827575684 0.34099045395851135 0.04624004289507866 0.060288846492767334
5 0.7695542573928833 0.9640684723854065 0.04079494625329971 0.029827971011400223
