4 0.342969 0.885177 0.189062 0.229645
4 0.344531 0.707724 0.185938 0.108559
5 0.222656 0.561587 0.045312 0.058455
5 0.225781 0.946764 0.045312 0.060543
5 0.773438 0.723382 0.046875 0.060543
5 0.771875 0.340292 0.046875 0.062630
5 0.773438 0.562630 0.046875 0.060543
5 0.225781 0.337161 0.045312 0.060543
5 0.183594 0.641962 0.045312 0.056367
5 0.222656 0.722338 0.045312 0.058455
4 0.651563 0.706681 0.187500 0.106472
4 0.650781 0.886221 0.189062 0.227557
5 0.813281 0.643006 0.045312 0.058455
5 0.769531 0.955115 0.039062 0.048017
2 0.311719 0.424843 0.014063 0.027140
2 0.334375 0.114823 0.009375 0.029228
