5 0.7738548517227173 0.7201682329177856 0.04735269770026207 0.06012052297592163
5 0.22265122830867767 0.7188593149185181 0.04439225420355797 0.0576905831694603
5 0.22547180950641632 0.9443747997283936 0.0449313186109066 0.06000303849577904
5 0.18337072432041168 0.6400848627090454 0.04542524740099907 0.05975010618567467
5 0.7722682952880859 0.3364241123199463 0.0473753921687603 0.06103203445672989
5 0.22252197563648224 0.5591866374015808 0.04388914257287979 0.057102277874946594
5 0.8133178949356079 0.6399401426315308 0.0471462719142437 0.06138760596513748
5 0.22527237236499786 0.3341939151287079 0.04593649134039879 0.058795079588890076
5 0.7739861011505127 0.5594165325164795 0.04643220826983452 0.05904199182987213
5 0.7694722414016724 0.961268424987793 0.041243743151426315 0.024877624586224556
