5 0.2259874790906906 0.9490534663200378 0.04487762600183487 0.059541262686252594
5 0.7736338973045349 0.7252422571182251 0.047220516949892044 0.06088849529623985
5 0.2231282740831375 0.5647872090339661 0.044817399233579636 0.05881673842668533
5 0.77108234167099 0.3423694670200348 0.04650115966796875 0.05905093997716904
5 0.2263142168521881 0.34051305055618286 0.04565296322107315 0.059258002787828445
5 0.22275114059448242 0.7241628766059875 0.04476432874798775 0.059151604771614075
5 0.8131939768791199 0.6442886590957642 0.04641075059771538 0.06312181800603867
5 0.7739450931549072 0.5651465654373169 0.046300794929265976 0.058152616024017334
5 0.18498504161834717 0.645038902759552 0.04559531435370445 0.05897856503725052
5 0.7692131400108337 0.9639484286308289 0.041527748107910156 0.030585240572690964
