5 0.7736855745315552 0.7205049991607666 0.04703083261847496 0.060062162578105927
5 0.22152605652809143 0.7199291586875916 0.04435798153281212 0.058611590415239334
5 0.22445479035377502 0.9449424743652344 0.0443694107234478 0.059799037873744965
5 0.8124290704727173 0.64087975025177 0.046475984156131744 0.06117672473192215
5 0.18370084464550018 0.640981137752533 0.04466300085186958 0.05906062573194504
5 0.22520069777965546 0.33547428250312805 0.04558887705206871 0.05880890414118767
5 0.22204367816448212 0.5595094561576843 0.04452700540423393 0.05805806815624237
5 0.7711881995201111 0.3367909789085388 0.04706630855798721 0.06170501559972763
5 0.7730763554573059 0.5600515604019165 0.04588041454553604 0.06005018576979637
5 0.7687441110610962 0.9630069732666016 0.0406763069331646 0.027692886069417
