4 0.342187 0.883090 0.187500 0.229645
4 0.342969 0.705637 0.185938 0.108559
4 0.650781 0.706681 0.185938 0.106472
4 0.650781 0.886221 0.189062 0.227557
5 0.773438 0.722338 0.046875 0.062630
5 0.221875 0.720251 0.043750 0.058455
5 0.224219 0.944676 0.045312 0.060543
5 0.183594 0.640919 0.045312 0.058455
5 0.224219 0.336117 0.045312 0.058455
5 0.770312 0.337161 0.046875 0.060543
5 0.812500 0.640919 0.046875 0.062630
5 0.221875 0.560543 0.043750 0.056367
5 0.772656 0.560543 0.045312 0.060543
5 0.769531 0.954071 0.039062 0.045929
5 0.768750 0.960334 0.040625 0.029228
2 0.618750 0.562630 0.015625 0.022965
