5 0.7731633186340332 0.7214686870574951 0.04716892167925835 0.061571475118398666
5 0.22149959206581116 0.7207359075546265 0.04438633844256401 0.05842326208949089
5 0.22435708343982697 0.9458957314491272 0.044504690915346146 0.0611499659717083
5 0.8117872476577759 0.6419397592544556 0.04677310213446617 0.06218654289841652
5 0.7730748057365417 0.5619812607765198 0.046167947351932526 0.06092891842126846
5 0.22137287259101868 0.5611301064491272 0.044561147689819336 0.05878816545009613
5 0.1832631528377533 0.6414844393730164 0.045558810234069824 0.05978655070066452
5 0.22520457208156586 0.33692675828933716 0.045607950538396835 0.05935433506965637
5 0.770780622959137 0.3383871912956238 0.04650392755866051 0.06235091760754585
5 0.7680304646492004 0.9626855254173279 0.04066190868616104 0.027798136696219444
