5 0.18285159766674042 0.6390292644500732 0.04712395742535591 0.061395253986120224
5 0.7737640738487244 0.7196720838546753 0.04733333736658096 0.06042276695370674
5 0.2259044647216797 0.9439903497695923 0.04490089416503906 0.06062982976436615
5 0.772233784198761 0.33623218536376953 0.04756908491253853 0.06160346046090126
5 0.22216419875621796 0.5596581697463989 0.04470483213663101 0.05829532817006111
5 0.8133476376533508 0.6393662691116333 0.04671330377459526 0.06141092628240585
5 0.22550439834594727 0.3340838849544525 0.04576749727129936 0.058964040130376816
5 0.22289052605628967 0.7184795141220093 0.04438185691833496 0.05770103260874748
5 0.7737884521484375 0.5586461424827576 0.046146392822265625 0.05987227335572243
5 0.7692323923110962 0.9608835577964783 0.04132595285773277 0.024608636274933815
