5 0.18400561809539795 0.6391510367393494 0.04625687748193741 0.06026323512196541
5 0.813288688659668 0.6385159492492676 0.04695701599121094 0.06144826114177704
5 0.22556710243225098 0.943145751953125 0.04506340250372887 0.060356635600328445
5 0.22566066682338715 0.33331942558288574 0.04541359096765518 0.05795396491885185
5 0.7735146880149841 0.7187510132789612 0.04758281633257866 0.059507112950086594
5 0.7718958258628845 0.33518967032432556 0.04725389555096626 0.06101451441645622
5 0.22261810302734375 0.5584125518798828 0.04515237733721733 0.05852701514959335
5 0.7738062739372253 0.5576908588409424 0.04662513732910156 0.06068955734372139
5 0.22285056114196777 0.7177867293357849 0.04490385204553604 0.058940339833498
5 0.7693328261375427 0.9607211351394653 0.04099855571985245 0.02401650696992874
