5 0.2227475941181183 0.7209497094154358 0.04522652551531792 0.05832616612315178
5 0.7736601829528809 0.7217445969581604 0.046923160552978516 0.06081586331129074
5 0.22249770164489746 0.5603850483894348 0.04397158697247505 0.05685851722955704
5 0.2255939096212387 0.9456249475479126 0.04495067521929741 0.06150228530168533
5 0.18338020145893097 0.6417866945266724 0.04565853998064995 0.05924130976200104
5 0.813432514667511 0.6405035853385925 0.046276092529296875 0.06187206506729126
5 0.7718909978866577 0.33717644214630127 0.04685936123132706 0.06113486364483833
5 0.7736433148384094 0.560653805732727 0.04615974426269531 0.059321075677871704
5 0.22526107728481293 0.33583396673202515 0.04525575786828995 0.05951259285211563
1 0.9477588534355164 0.3884095847606659 0.02694397047162056 0.03912200778722763
5 0.7699160575866699 0.9623098373413086 0.040932655334472656 0.025249823927879333
