5 0.22542285919189453 0.9478664398193359 0.04521818086504936 0.059954363852739334
5 0.7726351022720337 0.5646729469299316 0.04474182054400444 0.05980629846453667
5 0.7734674215316772 0.7242196202278137 0.04754343256354332 0.06190621480345726
5 0.8123537302017212 0.6444963216781616 0.04742183908820152 0.06204943731427193
5 0.2223198413848877 0.563994824886322 0.046233560889959335 0.060028139501810074
5 0.7707207798957825 0.34118399024009705 0.04578418657183647 0.061148691922426224
5 0.2226066142320633 0.7237027883529663 0.045648910105228424 0.05936618521809578
5 0.18351760506629944 0.6439699530601501 0.046122074127197266 0.059686776250600815
5 0.22557270526885986 0.33901098370552063 0.045755721628665924 0.061099760234355927
5 0.7687484622001648 0.9629421830177307 0.040810395032167435 0.02817390486598015
