5 0.22231844067573547 0.5609828233718872 0.044974472373723984 0.05815080180764198
5 0.7737162709236145 0.7216242551803589 0.04668617248535156 0.059897150844335556
5 0.22552557289600372 0.9455644488334656 0.04466748237609863 0.05968397483229637
5 0.22550177574157715 0.3362610936164856 0.04501008987426758 0.057589538395404816
5 0.2222965955734253 0.72120600938797 0.04539332538843155 0.058772653341293335
5 0.7738489508628845 0.5625832080841064 0.04642954096198082 0.05978846177458763
5 0.7714614868164062 0.3380933105945587 0.04614276811480522 0.06072806939482689
5 0.81276935338974 0.6423820853233337 0.04517941549420357 0.060186780989170074
5 0.18412946164608002 0.6415265202522278 0.04398326948285103 0.057780034840106964
5 0.7688941955566406 0.9613470435142517 0.04054450988769531 0.02712942659854889
2 0.8714725375175476 0.7223497629165649 0.010706710629165173 0.015916796401143074
