5 0.7720634341239929 0.722255289554596 0.048071861267089844 0.06157899647951126
5 0.7724937796592712 0.5620149374008179 0.046251486986875534 0.060944147408008575
5 0.22127936780452728 0.7210633754730225 0.04476633295416832 0.05895639583468437
5 0.18296334147453308 0.6418337225914001 0.04694340378046036 0.06030719727277756
5 0.22444792091846466 0.9460398554801941 0.04507951810956001 0.06114983558654785
5 0.22094474732875824 0.5612247586250305 0.04448975250124931 0.05831941217184067
5 0.7707110643386841 0.33850595355033875 0.04717312008142471 0.06244189664721489
5 0.2241789549589157 0.33699604868888855 0.04510932043194771 0.060120586305856705
5 0.8114566206932068 0.6417216658592224 0.04642314836382866 0.06127190589904785
5 0.7682034373283386 0.9626193642616272 0.04071063920855522 0.028226274996995926
