5 0.7731192708015442 0.7224950790405273 0.04702911525964737 0.06083892658352852
5 0.22447477281093597 0.9456048011779785 0.044404175132513046 0.060238003730773926
5 0.18319913744926453 0.6415318250656128 0.045468688011169434 0.06021634489297867
5 0.22196054458618164 0.5610741972923279 0.044311631470918655 0.058231744915246964
5 0.8121572732925415 0.6409190893173218 0.04745311662554741 0.06347605586051941
5 0.2252511978149414 0.3370794653892517 0.045538853853940964 0.05995551124215126
5 0.7732260823249817 0.5616392493247986 0.04579773172736168 0.06129099056124687
5 0.2217208594083786 0.7215020656585693 0.04424748569726944 0.05829864367842674
5 0.7710219621658325 0.33863502740859985 0.04681568220257759 0.061245787888765335
5 0.7688319683074951 0.9639853835105896 0.04092464596033096 0.029852434992790222
