5 0.22262881696224213 0.5618118047714233 0.04454345628619194 0.05843447521328926
5 0.2262200564146042 0.9461861848831177 0.04461822658777237 0.060451436787843704
5 0.7739514708518982 0.5625963807106018 0.04705219343304634 0.06155567616224289
5 0.7736940979957581 0.7233151197433472 0.04765291139483452 0.060719024389982224
5 0.18372169137001038 0.6423776745796204 0.04754514619708061 0.06011364236474037
5 0.2257135957479477 0.33828240633010864 0.04512610659003258 0.06004012003540993
5 0.22276125848293304 0.7220311164855957 0.04476184770464897 0.059349365532398224
5 0.8133222460746765 0.6421750783920288 0.046285200864076614 0.06259085237979889
5 0.7716884016990662 0.3393465280532837 0.04778575897216797 0.0629710778594017
5 0.7692174315452576 0.9618373513221741 0.04038076475262642 0.02800634503364563
