5 0.7741884589195251 0.7196409702301025 0.047746945172548294 0.061179909855127335
5 0.7725932002067566 0.33572912216186523 0.04719524458050728 0.060460228472948074
5 0.2260160893201828 0.944449245929718 0.04556708410382271 0.06135294958949089
5 0.1838761568069458 0.6402429938316345 0.04629979282617569 0.059552475810050964
5 0.8134027719497681 0.6397306323051453 0.046599578112363815 0.06082797050476074
5 0.2224610149860382 0.5587506890296936 0.04421276971697807 0.05739012360572815
5 0.22571797668933868 0.33405545353889465 0.04552740976214409 0.058980923146009445
5 0.22268176078796387 0.718555212020874 0.04417076334357262 0.05754201114177704
5 0.7742533087730408 0.5595812797546387 0.045658111572265625 0.059303492307662964
5 0.7696690559387207 0.9616369009017944 0.041296958923339844 0.026599988341331482
