5 0.22232122719287872 0.5618249177932739 0.046258628368377686 0.06046357378363609
5 0.22561649978160858 0.9464037418365479 0.04449215158820152 0.06063785403966904
5 0.773526132106781 0.723090410232544 0.047051526606082916 0.060574907809495926
5 0.22569715976715088 0.3379608988761902 0.04576626047492027 0.06027967110276222
5 0.1841655820608139 0.6438280344009399 0.04556434229016304 0.0624561682343483
5 0.2222212851047516 0.7218700051307678 0.04513179138302803 0.05939396098256111
5 0.8117006421089172 0.6420336365699768 0.0461362861096859 0.061561666429042816
5 0.7736708521842957 0.564190149307251 0.04719104990363121 0.05916664004325867
5 0.7705331444740295 0.33943983912467957 0.04687194898724556 0.06126713007688522
5 0.768679141998291 0.9629002809524536 0.04132537916302681 0.02627340517938137
1 0.979587972164154 0.32283610105514526 0.013470840640366077 0.017048941925168037
