5 0.18157599866390228 0.6403712034225464 0.047139834612607956 0.06196635961532593
5 0.22385402023792267 0.3357928693294525 0.04611806944012642 0.059592995792627335
5 0.22057901322841644 0.7202686667442322 0.045382071286439896 0.058544695377349854
5 0.7718809247016907 0.7216593623161316 0.04765072092413902 0.060869000852108
5 0.22394751012325287 0.9453270435333252 0.045214083045721054 0.06157160550355911
5 0.7700773477554321 0.33706849813461304 0.047227002680301666 0.06078120693564415
5 0.8112117648124695 0.6409046053886414 0.04659004136919975 0.06173037365078926
5 0.7716498374938965 0.5599283576011658 0.045708466321229935 0.061315231025218964
5 0.2209315299987793 0.5607283115386963 0.04568080976605415 0.05954253673553467
5 0.7674511075019836 0.9620499014854431 0.04012642055749893 0.02469974383711815
