5 0.7721992135047913 0.7212598323822021 0.04745903238654137 0.06144469231367111
5 0.221824049949646 0.7203431725502014 0.04437384754419327 0.05902163311839104
5 0.2246113121509552 0.9451451897621155 0.04447231441736221 0.06119915097951889
5 0.7733083963394165 0.5629861354827881 0.0477106086909771 0.05939345061779022
5 0.22139576077461243 0.5610139966011047 0.04704752191901207 0.060532096773386
5 0.22478662431240082 0.33638685941696167 0.045799922198057175 0.059703342616558075
5 0.18410974740982056 0.6422256827354431 0.04494607448577881 0.06236722692847252
5 0.7702710032463074 0.3378131687641144 0.04670972749590874 0.060998715460300446
5 0.8114556670188904 0.6418684124946594 0.046135712414979935 0.06062638759613037
5 0.7682164907455444 0.962496280670166 0.0410039909183979 0.026424527168273926
