5 0.18388965725898743 0.6391617059707642 0.04648237302899361 0.06002673879265785
5 0.7739525437355042 0.7192510962486267 0.04720916971564293 0.06024233624339104
5 0.22557389736175537 0.9436065554618835 0.04512286186218262 0.060166776180267334
5 0.771863579750061 0.33591461181640625 0.046889305114746094 0.060704879462718964
5 0.813193142414093 0.6395124793052673 0.046262312680482864 0.06124744191765785
5 0.2226378470659256 0.5588518977165222 0.0443730354309082 0.05698224529623985
5 0.2255973070859909 0.3340369462966919 0.04478268697857857 0.05809973552823067
5 0.22288265824317932 0.7182735204696655 0.04447765275835991 0.05742631107568741
5 0.7736362814903259 0.5588764548301697 0.04614868387579918 0.06009898707270622
5 0.7693768739700317 0.9611870050430298 0.0413476936519146 0.024579456076025963
1 0.6048367619514465 0.007126041688024998 0.023084068670868874 0.014252083376049995
