4 0.3419942259788513 0.8828821182250977 0.18727146089076996 0.2305370569229126
4 0.3421812653541565 0.7047374248504639 0.18500299751758575 0.10774756968021393
4 0.651028037071228 0.7051515579223633 0.18652048707008362 0.10854140669107437
4 0.6503837704658508 0.8855067491531372 0.18877410888671875 0.22898665070533752
5 0.7724176049232483 0.721554696559906 0.04717264324426651 0.060953862965106964
5 0.22421608865261078 0.33584317564964294 0.04623756557703018 0.059797827154397964
5 0.2211081087589264 0.720077395439148 0.04388485103845596 0.05807794630527496
5 0.22423386573791504 0.9449623823165894 0.044881440699100494 0.06035013496875763
5 0.7728837728500366 0.5626819729804993 0.04703893885016441 0.05794529989361763
5 0.18337050080299377 0.6418587565422058 0.04546036943793297 0.06204332038760185
5 0.22080092132091522 0.5606232285499573 0.045868780463933945 0.05944225564599037
5 0.7704383134841919 0.3378521502017975 0.04689311981201172 0.05996914580464363
5 0.8117033243179321 0.6404020190238953 0.046442605555057526 0.06164882332086563
5 0.7690405249595642 0.9541515707969666 0.03949775919318199 0.04370983690023422
5 0.7687821388244629 0.9610801339149475 0.040308572351932526 0.02644822932779789
