5 0.773095428943634 0.7220380306243896 0.04748859629034996 0.06138480454683304
5 0.1833471804857254 0.6414108276367188 0.045774128288030624 0.060515277087688446
5 0.8123440742492676 0.640550971031189 0.04820118099451065 0.06485654413700104
5 0.2242201864719391 0.9457812905311584 0.04421749338507652 0.05982808768749237
5 0.22158606350421906 0.7208144068717957 0.04433131217956543 0.059170208871364594
5 0.22203540802001953 0.5611844062805176 0.04377441480755806 0.0585206113755703
5 0.22500017285346985 0.3369588553905487 0.04529919847846031 0.06000202149152756
5 0.7730705142021179 0.5606766939163208 0.045568086206912994 0.06092774122953415
5 0.7710511088371277 0.3385814428329468 0.046512603759765625 0.060988519340753555
5 0.7683683633804321 0.9624657034873962 0.04046154022216797 0.025424774736166
