5 0.7740539312362671 0.7194076180458069 0.04780702665448189 0.061726294457912445
5 0.18343940377235413 0.6389853358268738 0.0464235320687294 0.059205375611782074
5 0.22564993798732758 0.9435074329376221 0.04523210600018501 0.06016091629862785
5 0.8134366869926453 0.6390441060066223 0.04693126678466797 0.060767825692892075
5 0.7724114060401917 0.3353635370731354 0.04721784591674805 0.06049425154924393
5 0.22260919213294983 0.7186609506607056 0.04532685503363609 0.058186255395412445
5 0.22569656372070312 0.3334510624408722 0.04540291056036949 0.05869326740503311
5 0.22250138223171234 0.5583321452140808 0.04472055658698082 0.0575835183262825
5 0.7741023302078247 0.5582820773124695 0.045768167823553085 0.06049131974577904
5 0.769943356513977 0.9610549807548523 0.04123954847455025 0.024754280224442482
