5 0.2223433554172516 0.5629283785820007 0.0453304760158062 0.05970996990799904
5 0.7729830145835876 0.7230368256568909 0.04687919840216637 0.05954648554325104
5 0.22542034089565277 0.9466437101364136 0.04466686397790909 0.05985548347234726
5 0.1838320940732956 0.6437438130378723 0.04523329809308052 0.06079942733049393
5 0.2253277748823166 0.33807653188705444 0.04533524438738823 0.05976858362555504
5 0.7738750576972961 0.5641693472862244 0.047585297375917435 0.0582813136279583
5 0.22255156934261322 0.7227171659469604 0.045439768582582474 0.05887879431247711
5 0.7706201672554016 0.3401692509651184 0.04666757583618164 0.060406073927879333
5 0.8117727637290955 0.6433905959129333 0.04599018022418022 0.059461113065481186
5 0.7686563730239868 0.9631262421607971 0.04096374660730362 0.027566993609070778
1 0.6708332896232605 0.7075110077857971 0.014041614718735218 0.02175833284854889
