4 0.3427267074584961 0.8836738467216492 0.1873653382062912 0.2305058389902115
4 0.34295397996902466 0.7059377431869507 0.18571996688842773 0.10669391602277756
4 0.65139240026474 0.7067863345146179 0.18594351410865784 0.10719965398311615
5 0.22186951339244843 0.720742404460907 0.044335853308439255 0.058022391051054
5 0.7738542556762695 0.7216396927833557 0.04659442976117134 0.0608789399266243
4 0.6508288979530334 0.8871641159057617 0.18916015326976776 0.22567176818847656
5 0.22489695250988007 0.9460476040840149 0.044416334480047226 0.06025380641222
5 0.22221799194812775 0.5609839558601379 0.04457693174481392 0.058242831379175186
5 0.2252235859632492 0.33644917607307434 0.04509382322430611 0.05919339880347252
5 0.8122715950012207 0.6417524218559265 0.04611377790570259 0.0605127289891243
5 0.183602973818779 0.641216516494751 0.044348716735839844 0.058632742613554
5 0.7729373574256897 0.5613484978675842 0.04514436796307564 0.060349754989147186
5 0.7711716294288635 0.3380206227302551 0.04666299745440483 0.06124056130647659
5 0.769010603427887 0.9540652632713318 0.03906974941492081 0.04531433433294296
5 0.7692281007766724 0.9600881338119507 0.04071979597210884 0.032110609114170074
