5 0.7735695242881775 0.7224193811416626 0.047690488398075104 0.06171431764960289
5 0.18334463238716125 0.641910970211029 0.046534158289432526 0.06026756763458252
5 0.2228882610797882 0.7205374836921692 0.044953253120183945 0.05759654566645622
5 0.813168466091156 0.6411624550819397 0.04696254804730415 0.06276503950357437
5 0.22578339278697968 0.9457253813743591 0.04518714174628258 0.06124846264719963
5 0.22532890737056732 0.33659088611602783 0.04507904127240181 0.05987861007452011
5 0.7735509276390076 0.5610406398773193 0.0462278388440609 0.06072666868567467
5 0.7719774842262268 0.3380487859249115 0.04722452163696289 0.061610594391822815
5 0.22315025329589844 0.5610952377319336 0.04390430450439453 0.05824869126081467
5 0.7693695425987244 0.9624708890914917 0.04053344950079918 0.025988744571805
