5 0.7736877799034119 0.7218165397644043 0.04784126207232475 0.06316743791103363
5 0.2218189239501953 0.7203207612037659 0.044816017150878906 0.0591064989566803
5 0.22268544137477875 0.5604520440101624 0.04392833635210991 0.057109538465738297
5 0.22524838149547577 0.9455142021179199 0.04411745071411133 0.06024717912077904
5 0.8125004768371582 0.6416544914245605 0.04639453813433647 0.06119660288095474
5 0.22478270530700684 0.33650270104408264 0.04556760936975479 0.059901993721723557
5 0.18352888524532318 0.6414528489112854 0.045294906944036484 0.05890567973256111
5 0.7731151580810547 0.5608342289924622 0.04579982906579971 0.06054496392607689
5 0.7713537216186523 0.3374435603618622 0.04749631881713867 0.060904551297426224
5 0.7693521976470947 0.9620064496994019 0.039635565131902695 0.025551687926054
