4 0.3434174954891205 0.7036576271057129 0.18582506477832794 0.10906409472227097
4 0.6521580815315247 0.7034668922424316 0.18606071174144745 0.10927612334489822
4 0.34275147318840027 0.8831167221069336 0.18713179230690002 0.233766570687294
5 0.2257838249206543 0.33413493633270264 0.04520893096923828 0.058871276676654816
5 0.22546754777431488 0.9427508115768433 0.04472699388861656 0.060638874769210815
5 0.22201476991176605 0.7182219624519348 0.04422663524746895 0.05727136507630348
5 0.7706276774406433 0.3358936011791229 0.046301938593387604 0.06070258468389511
5 0.773775577545166 0.5610185265541077 0.04692116007208824 0.059268321841955185
5 0.8122881054878235 0.6391683220863342 0.04634594917297363 0.059757623821496964
5 0.22222745418548584 0.5591160655021667 0.045735932886600494 0.059530336409807205
5 0.7731339335441589 0.7183187007904053 0.04601650312542915 0.058887332677841187
5 0.18496839702129364 0.6393252015113831 0.04543621465563774 0.06143653765320778
4 0.650955855846405 0.8838893175125122 0.18757592141628265 0.23222143948078156
5 0.7693330645561218 0.9535996317863464 0.03966236114501953 0.04179251939058304
5 0.7690436840057373 0.9604946374893188 0.040909864008426666 0.02492731809616089
