4 0.342969 0.882046 0.185938 0.231733
4 0.342969 0.703549 0.185938 0.108559
4 0.651563 0.706681 0.184375 0.106472
5 0.773438 0.720251 0.046875 0.062630
5 0.183594 0.638831 0.045312 0.058455
5 0.225781 0.944676 0.045312 0.060543
5 0.771875 0.336117 0.046875 0.062630
5 0.221875 0.558455 0.043750 0.056367
5 0.221875 0.718163 0.043750 0.058455
5 0.772656 0.559499 0.045312 0.058455
5 0.813281 0.639875 0.045312 0.060543
5 0.225000 0.334029 0.046875 0.058455
4 0.652344 0.886221 0.189062 0.227557
5 0.769531 0.954071 0.039062 0.041754
5 0.769531 0.961378 0.039062 0.027140
2 0.690625 0.934238 0.040625 0.068894
2 0.652344 0.864301 0.017188 0.016701
