5 0.18196947872638702 0.6420208215713501 0.047799158841371536 0.061817020177841187
5 0.7724096179008484 0.7231501340866089 0.047445010393857956 0.06021379679441452
5 0.22091718018054962 0.7219498753547668 0.044737543910741806 0.058624330908060074
5 0.8120178580284119 0.6423549056053162 0.0477081798017025 0.06252828985452652
5 0.22432509064674377 0.9474995732307434 0.04460582882165909 0.060482144355773926
5 0.7726230025291443 0.561952531337738 0.04569702222943306 0.061082176864147186
5 0.22094903886318207 0.5622068643569946 0.04564104229211807 0.060998331755399704
5 0.7707998156547546 0.3392602205276489 0.04722652584314346 0.06144571304321289
5 0.2240944355726242 0.33805882930755615 0.04585008695721626 0.059335093945264816
5 0.7685343027114868 0.9632946848869324 0.04098491743206978 0.02844773605465889
