4 0.342187 0.884134 0.187500 0.231733
4 0.342969 0.706681 0.185938 0.106472
5 0.773438 0.720251 0.046875 0.058455
4 0.651563 0.704593 0.187500 0.106472
5 0.225781 0.336117 0.045312 0.058455
5 0.221875 0.720251 0.043750 0.058455
5 0.812500 0.639875 0.046875 0.060543
5 0.182812 0.640919 0.043750 0.058455
4 0.650781 0.884134 0.189062 0.231733
5 0.225000 0.944676 0.043750 0.060543
5 0.221875 0.559499 0.043750 0.058455
5 0.770312 0.337161 0.046875 0.060543
5 0.772656 0.560543 0.045312 0.060543
5 0.768750 0.953027 0.040625 0.043841
5 0.768750 0.960334 0.040625 0.025052
0 0.808594 0.712944 0.014063 0.060543
