5 0.22572027146816254 0.9479104280471802 0.04483747482299805 0.060715071856975555
5 0.7727134823799133 0.5645889639854431 0.045250702649354935 0.060283113270998
5 0.7734135389328003 0.7242233157157898 0.04782724380493164 0.06254587322473526
5 0.18393006920814514 0.6439419388771057 0.04649357870221138 0.06033102422952652
5 0.22276471555233002 0.7242391109466553 0.04545917734503746 0.06013479456305504
5 0.8130380511283875 0.6440243721008301 0.04675865173339844 0.061823006719350815
5 0.22562550008296967 0.3390168249607086 0.044927217066287994 0.0605287179350853
5 0.22264623641967773 0.5634537935256958 0.045552730560302734 0.05994722992181778
5 0.771035373210907 0.3410637080669403 0.046450424939394 0.062137421220541
5 0.7688969373703003 0.9629608392715454 0.04090910032391548 0.02971035987138748
