5 0.7737799882888794 0.7203906774520874 0.04751434549689293 0.06035115569829941
5 0.22264757752418518 0.7191047668457031 0.04446010664105415 0.0572023019194603
5 0.22273464500904083 0.5592470765113831 0.043988894671201706 0.05738528072834015
5 0.22559228539466858 0.9445741176605225 0.04481182247400284 0.060290247201919556
5 0.18321484327316284 0.6410070061683655 0.045443035662174225 0.059338152408599854
5 0.7721346616744995 0.3366651237010956 0.04733124002814293 0.061785291880369186
5 0.813166081905365 0.6399624943733215 0.04647503048181534 0.06123393774032593
5 0.2253292351961136 0.3347281217575073 0.04571066051721573 0.059069227427244186
5 0.7736305594444275 0.5598032474517822 0.04638481140136719 0.05979062616825104
5 0.7692776918411255 0.9609052538871765 0.04112739488482475 0.024599716067314148
