5 0.224503755569458 0.9481996297836304 0.04400596767663956 0.059535399079322815
5 0.7725631594657898 0.5640915036201477 0.04465007781982422 0.0595354326069355
5 0.8122155070304871 0.6433438062667847 0.04781646654009819 0.06399033218622208
5 0.7730968594551086 0.7244870066642761 0.046866800636053085 0.061811286956071854
5 0.7706915140151978 0.34092578291893005 0.04622230678796768 0.06123361736536026
5 0.22166351974010468 0.7238706350326538 0.0442890040576458 0.059494368731975555
5 0.2217465490102768 0.563513457775116 0.04443550109863281 0.05982286483049393
5 0.18340252339839935 0.6445870995521545 0.045889925211668015 0.058772142976522446
5 0.22480273246765137 0.3387988209724426 0.045855142176151276 0.06079254671931267
5 0.7685579657554626 0.9633985757827759 0.040648650377988815 0.027624843642115593
