4 0.3424590528011322 0.88413006067276 0.1878904402256012 0.23173992335796356
4 0.34318944811820984 0.7050998210906982 0.18565283715724945 0.1085812896490097
4 0.6508621573448181 0.704947292804718 0.18709373474121094 0.10784823447465897
5 0.22168390452861786 0.720224142074585 0.04386511072516441 0.05809221789240837
5 0.7723237872123718 0.7211207747459412 0.04646053537726402 0.06003553047776222
5 0.22491227090358734 0.3360121250152588 0.04559631273150444 0.059466972947120667
5 0.22463174164295197 0.9449101090431213 0.04410362243652344 0.06016511842608452
5 0.2212170660495758 0.560850203037262 0.046210527420043945 0.05992824211716652
5 0.18381808698177338 0.6423617005348206 0.044828273355960846 0.06110141798853874
5 0.7725419998168945 0.563113808631897 0.04745960235595703 0.05850914120674133
5 0.8114970326423645 0.6409190893173218 0.04573192819952965 0.05929151549935341
5 0.7701016664505005 0.3380260765552521 0.04715767130255699 0.06059344857931137
4 0.6499010920524597 0.8845973610877991 0.18792982399463654 0.23080527782440186
5 0.7688231468200684 0.9541320204734802 0.039908409118652344 0.043295204639434814
5 0.7685539126396179 0.9607032537460327 0.04062776640057564 0.027017295360565186
