5 0.7736987471580505 0.7199722528457642 0.04770698770880699 0.06079356372356415
5 0.22225366532802582 0.5594592690467834 0.045983076095581055 0.05854303762316704
5 0.18380387127399445 0.6400708556175232 0.04616508632898331 0.06250611692667007
5 0.22570005059242249 0.9442554116249084 0.045004893094301224 0.06033586710691452
5 0.2226080447435379 0.7186575531959534 0.04435081407427788 0.058013852685689926
5 0.771130383014679 0.33673688769340515 0.04730224609375 0.06075597554445267
5 0.8128963708877563 0.6403253674507141 0.045510292053222656 0.060222078114748
5 0.773838996887207 0.5616378784179688 0.0478094108402729 0.05808122828602791
5 0.22546501457691193 0.3344900906085968 0.045603182166814804 0.05936911329627037
5 0.769318699836731 0.9606897830963135 0.040987204760313034 0.02501269243657589
