5 0.7738789916038513 0.720594048500061 0.04735603556036949 0.06003871560096741
5 0.18347540497779846 0.640900731086731 0.04547104984521866 0.05919543653726578
5 0.22246766090393066 0.5592678785324097 0.043814659118652344 0.05699740722775459
5 0.22279445827007294 0.7188037633895874 0.04433798789978027 0.057749707251787186
5 0.8134579658508301 0.6394049525260925 0.04697094112634659 0.062268856912851334
5 0.22571177780628204 0.9446922540664673 0.04513969644904137 0.060578733682632446
5 0.7723243832588196 0.3366042673587799 0.04750537872314453 0.061537835747003555
5 0.22541308403015137 0.33455803990364075 0.04555387422442436 0.05912357196211815
5 0.7738106846809387 0.5594256520271301 0.046697139739990234 0.05968613922595978
5 0.7693691849708557 0.9625504016876221 0.040370941162109375 0.027902623638510704
