4 0.3426271378993988 0.886082649230957 0.18748335540294647 0.22783468663692474
4 0.343130886554718 0.708319902420044 0.1860571950674057 0.10751260071992874
5 0.7732395529747009 0.7225083112716675 0.046633053570985794 0.059394218027591705
5 0.7728310823440552 0.5624526739120483 0.04532976076006889 0.060580261051654816
5 0.22257466614246368 0.5611581206321716 0.0436403751373291 0.057056788355112076
4 0.6512577533721924 0.8853045701980591 0.18842191994190216 0.22939088940620422
5 0.18348459899425507 0.6417780518531799 0.04487590864300728 0.059627145528793335
5 0.2251417189836502 0.9460363984107971 0.044303227216005325 0.060026612132787704
4 0.6508345007896423 0.7066435813903809 0.18737678229808807 0.10646531730890274
5 0.22182980179786682 0.7217757701873779 0.044328976422548294 0.059147272258996964
5 0.22546997666358948 0.3372775912284851 0.04530806466937065 0.05975979194045067
5 0.8121477365493774 0.6421073079109192 0.04681720957159996 0.061841610819101334
5 0.7708921432495117 0.3385523557662964 0.04633293300867081 0.0617225356400013
5 0.7690057158470154 0.9548777937889099 0.03882007673382759 0.04617392644286156
