5 0.222656 0.720251 0.045312 0.058455
5 0.773438 0.721294 0.046875 0.060543
5 0.222656 0.560543 0.045312 0.060543
5 0.225781 0.944676 0.045312 0.060543
5 0.771094 0.338205 0.045312 0.058455
5 0.185156 0.641962 0.045312 0.060543
5 0.225781 0.336117 0.045312 0.058455
5 0.813281 0.643006 0.045312 0.058455
5 0.773438 0.562630 0.046875 0.056367
5 0.769531 0.961378 0.042188 0.027140
1 0.631250 0.076200 0.015625 0.018789
1 0.792188 0.858038 0.009375 0.025052
2 0.584375 0.127349 0.025000 0.029228
2 0.916406 0.267223 0.023438 0.045929
1 0.526563 0.155532 0.021875 0.031315
2 0.251563 0.015658 0.040625 0.027140
2 0.750000 0.202505 0.012500 0.020877
2 0.591406 0.841336 0.029687 0.083507
