5 0.7737526297569275 0.7193378210067749 0.047119904309511185 0.06055235490202904
5 0.18394345045089722 0.6395551562309265 0.04658177122473717 0.060326434671878815
5 0.22552628815174103 0.9432522058486938 0.045678235590457916 0.06020372733473778
5 0.2255760282278061 0.3337489664554596 0.0449095256626606 0.058844391256570816
5 0.7720571756362915 0.335831880569458 0.046854592859745026 0.05928017199039459
5 0.8129866719245911 0.6394295692443848 0.04627113416790962 0.06030426546931267
5 0.2227952480316162 0.5587332844734192 0.04479179531335831 0.05801019072532654
5 0.22287702560424805 0.7181921601295471 0.04463691636919975 0.058585215359926224
5 0.7735644578933716 0.5586239695549011 0.04580078274011612 0.06057640537619591
5 0.7694582343101501 0.9616374373435974 0.041387178003787994 0.024126853793859482
3 0.7404217720031738 0.24125181138515472 0.03056640736758709 0.10099967569112778
