4 0.342187 0.885177 0.187500 0.225470
4 0.342969 0.708768 0.185938 0.106472
4 0.650781 0.705637 0.189062 0.108559
5 0.183594 0.643006 0.045312 0.058455
5 0.225000 0.946764 0.043750 0.060543
5 0.773438 0.722338 0.046875 0.058455
4 0.650781 0.885177 0.189062 0.229645
5 0.221875 0.721294 0.043750 0.056367
5 0.225000 0.337161 0.043750 0.060543
5 0.772656 0.562630 0.045312 0.060543
5 0.812500 0.641962 0.046875 0.064718
5 0.771875 0.338205 0.046875 0.062630
5 0.221875 0.561587 0.043750 0.058455
1 0.160938 0.327766 0.018750 0.025052
5 0.769531 0.955115 0.039062 0.043841
5 0.768750 0.960334 0.040625 0.029228
2 0.228125 0.413361 0.018750 0.070981
