4 0.343240886926651 0.8833118677139282 0.18710966408252716 0.23010356724262238
4 0.34348103404045105 0.7055975198745728 0.1861131638288498 0.10808536410331726
4 0.6518387198448181 0.7059502005577087 0.1860620528459549 0.10882148146629333
4 0.6518329977989197 0.8864806294441223 0.18831883370876312 0.22703874111175537
5 0.22288279235363007 0.7203088998794556 0.04429617151618004 0.05818549171090126
5 0.7734695076942444 0.7217146754264832 0.04698972776532173 0.06159810721874237
5 0.18343603610992432 0.641376793384552 0.04631476476788521 0.06046761944890022
5 0.22282901406288147 0.560377299785614 0.04430084303021431 0.05829035863280296
5 0.22543179988861084 0.3359031677246094 0.04530081897974014 0.059475257992744446
5 0.22570963203907013 0.9452476501464844 0.04497580602765083 0.061155952513217926
5 0.8131912350654602 0.6412917971611023 0.04541325569152832 0.06019149720668793
5 0.7715717554092407 0.33776766061782837 0.047185804694890976 0.06051858887076378
5 0.773453414440155 0.5599751472473145 0.046027280390262604 0.06130959466099739
5 0.770027756690979 0.9540438652038574 0.039823152124881744 0.045517448335886
5 0.769894540309906 0.96014404296875 0.04066505655646324 0.02976120077073574
