5 0.7737221121788025 0.7193078398704529 0.046923257410526276 0.06065314635634422
5 0.183498814702034 0.6390641927719116 0.04556021839380264 0.059626124799251556
5 0.8124632239341736 0.6395038366317749 0.04664039611816406 0.06082185357809067
5 0.22530078887939453 0.9432920813560486 0.045182038098573685 0.05998621881008148
5 0.7713802456855774 0.33543023467063904 0.04723072052001953 0.05960981547832489
5 0.22551022469997406 0.33359968662261963 0.04513745382428169 0.05846530944108963
5 0.7731986045837402 0.5585058927536011 0.04612484201788902 0.061234574764966965
5 0.22234515845775604 0.5586133003234863 0.0447697639465332 0.05732857808470726
5 0.2226368486881256 0.7185016870498657 0.044893551617860794 0.05788477510213852
5 0.7689081430435181 0.9608342051506042 0.040851593017578125 0.02445407398045063
