5 0.22212223708629608 0.7204088568687439 0.04467473179101944 0.058418162167072296
5 0.18297432363033295 0.6408432126045227 0.046656131744384766 0.06174744665622711
5 0.773720920085907 0.7220303416252136 0.047649383544921875 0.06134899705648422
5 0.2220923900604248 0.5607388019561768 0.04580063745379448 0.05931789055466652
5 0.7713923454284668 0.33735403418540955 0.04737396165728569 0.061488717794418335
5 0.2251540720462799 0.945881187915802 0.04425397142767906 0.06068321689963341
5 0.22502923011779785 0.3360965847969055 0.04626522213220596 0.05989568680524826
5 0.7732059955596924 0.5600769519805908 0.04601449891924858 0.06158437952399254
5 0.8129366040229797 0.6410527229309082 0.047011759132146835 0.06267635524272919
5 0.7690925002098083 0.9635206460952759 0.03992099687457085 0.029012342914938927
