5 0.22565293312072754 0.9467700719833374 0.04453391954302788 0.060609567910432816
5 0.22245171666145325 0.5618681311607361 0.045990802347660065 0.06063339486718178
5 0.18389733135700226 0.6430858969688416 0.04612603411078453 0.06408742815256119
5 0.7736822962760925 0.7231127619743347 0.04722766950726509 0.06027151644229889
5 0.22552037239074707 0.3376472592353821 0.04563169553875923 0.05958687886595726
5 0.22235360741615295 0.7221166491508484 0.04465017467737198 0.0585254542529583
5 0.7738244533538818 0.5643126368522644 0.047875311225652695 0.05838771164417267
5 0.8128424882888794 0.6429694890975952 0.04622497782111168 0.06102050468325615
5 0.771083414554596 0.3393498659133911 0.04745931550860405 0.06146176531910896
5 0.7691670060157776 0.9622882604598999 0.04007596895098686 0.02643739804625511
