4 0.342969 0.885177 0.185938 0.229645
4 0.344531 0.706681 0.185938 0.106472
5 0.773438 0.720251 0.046875 0.058455
5 0.182812 0.638831 0.046875 0.062630
5 0.221875 0.720251 0.043750 0.058455
5 0.225781 0.944676 0.045312 0.060543
5 0.771875 0.337161 0.046875 0.060543
5 0.812500 0.639875 0.046875 0.060543
5 0.225781 0.336117 0.045312 0.058455
5 0.222656 0.559499 0.045312 0.058455
5 0.772656 0.558455 0.045312 0.060543
4 0.652344 0.703549 0.185938 0.108559
4 0.651563 0.884134 0.187500 0.231733
5 0.769531 0.954071 0.039062 0.041754
5 0.770312 0.959290 0.040625 0.027140
2 0.389844 0.107516 0.029687 0.052192
2 0.392188 0.005219 0.015625 0.006263
2 0.773438 0.483299 0.015625 0.018789
