5 0.18302643299102783 0.6416090726852417 0.04828624799847603 0.06183358281850815
5 0.7737247943878174 0.7225964069366455 0.04765978083014488 0.060895759612321854
5 0.22271648049354553 0.7209036350250244 0.04468412324786186 0.05791981518268585
5 0.22554683685302734 0.9462273120880127 0.045148372650146484 0.06014345958828926
5 0.8133724331855774 0.6413117051124573 0.04748516157269478 0.06361405551433563
5 0.2227027714252472 0.5616823434829712 0.04509992524981499 0.06001985818147659
5 0.22553883492946625 0.33713454008102417 0.0456295982003212 0.06059383228421211
5 0.7719711661338806 0.3386635482311249 0.0469728484749794 0.06202981248497963
5 0.7738452553749084 0.560917317867279 0.04632968828082085 0.0612885057926178
5 0.7701537609100342 0.9627718925476074 0.041082095354795456 0.027036918327212334
