4 0.3433641493320465 0.8846064805984497 0.1872568130493164 0.23067925870418549
4 0.3438766598701477 0.7056030035018921 0.18596592545509338 0.10866500437259674
4 0.6519038081169128 0.7044562101364136 0.18648281693458557 0.10800980031490326
5 0.7740265727043152 0.7213594913482666 0.04783516004681587 0.062142711132764816
5 0.2227923423051834 0.7199104428291321 0.044770240783691406 0.058999717235565186
5 0.22263358533382416 0.5604631900787354 0.045151758939027786 0.059144437313079834
5 0.22562940418720245 0.3368179202079773 0.045905448496341705 0.060635052621364594
5 0.225986048579216 0.9451978206634521 0.04481783136725426 0.06040964275598526
5 0.1842292845249176 0.6409844756126404 0.04558906704187393 0.05928310379385948
5 0.7740890979766846 0.5618448257446289 0.04705305024981499 0.06119736656546593
5 0.7714789509773254 0.3392048180103302 0.04720363765954971 0.06328237056732178
5 0.8130038380622864 0.6410079002380371 0.04600849375128746 0.06135052815079689
4 0.6513252258300781 0.8843793869018555 0.1873002052307129 0.23124131560325623
5 0.7696650624275208 0.9580015540122986 0.04037342220544815 0.048031482845544815
