5 0.22228284180164337 0.5613480806350708 0.0443577766418457 0.05729430168867111
5 0.7735950350761414 0.7223678827285767 0.04718742519617081 0.06052444875240326
5 0.22546420991420746 0.9460300207138062 0.044637393206357956 0.06021583452820778
5 0.22238266468048096 0.7212974429130554 0.04495282098650932 0.05826704204082489
5 0.8133441805839539 0.6407574415206909 0.04628486558794975 0.06239296868443489
5 0.18352283537387848 0.6414219737052917 0.044821906834840775 0.05813872814178467
5 0.7718399167060852 0.33896583318710327 0.04793710634112358 0.06276147067546844
5 0.2251221239566803 0.33642643690109253 0.0455232635140419 0.059237487614154816
5 0.7733891606330872 0.561369776725769 0.04603767395019531 0.05968502536416054
5 0.7694569826126099 0.9626656174659729 0.040842439979314804 0.02734171226620674
