4 0.343750 0.884134 0.187500 0.231733
4 0.342969 0.705637 0.185938 0.108559
4 0.651563 0.704593 0.187500 0.106472
5 0.773438 0.721294 0.046875 0.060543
5 0.222656 0.720251 0.045312 0.058455
5 0.185156 0.640919 0.045312 0.058455
5 0.222656 0.560543 0.045312 0.060543
5 0.225781 0.336117 0.045312 0.058455
5 0.771875 0.338205 0.046875 0.062630
5 0.773438 0.561587 0.046875 0.058455
5 0.225781 0.944676 0.045312 0.060543
5 0.813281 0.640919 0.045312 0.062630
4 0.651563 0.884134 0.187500 0.231733
5 0.769531 0.954071 0.039062 0.045929
5 0.769531 0.959290 0.039062 0.031315
1 0.166406 0.910230 0.017188 0.025052
