5 0.7720531821250916 0.7221259474754333 0.04794464260339737 0.06209123134613037
5 0.22440941631793976 0.9458264708518982 0.04470877721905708 0.06042289361357689
5 0.18400323390960693 0.6428722143173218 0.04500393941998482 0.06301631778478622
5 0.22141174972057343 0.7204503417015076 0.044591713696718216 0.059167660772800446
5 0.7732031941413879 0.5636774301528931 0.04823875427246094 0.05908585339784622
5 0.2212498039007187 0.5615276098251343 0.046053316444158554 0.06061823293566704
5 0.7702585458755493 0.3387428820133209 0.047246553003787994 0.061078865081071854
5 0.22508695721626282 0.336961030960083 0.0459836982190609 0.06081407889723778
5 0.8111793398857117 0.6417025327682495 0.0457000732421875 0.061043184250593185
5 0.7683419585227966 0.9635130763053894 0.04079265519976616 0.028937291353940964
