4 0.34304890036582947 0.883775532245636 0.18791842460632324 0.2324490249156952
4 0.3431021571159363 0.7053921222686768 0.1858706921339035 0.10888671875
4 0.6516704559326172 0.7063689827919006 0.18621940910816193 0.10776107758283615
5 0.7735450267791748 0.7213149070739746 0.04606008529663086 0.060847338289022446
5 0.22239749133586884 0.561072051525116 0.04408412054181099 0.05714687332510948
5 0.22246627509593964 0.7213894128799438 0.044365882873535156 0.05819415673613548
5 0.22583913803100586 0.9453259706497192 0.044753171503543854 0.06098979711532593
5 0.7737461924552917 0.5627034902572632 0.046282004565000534 0.06053744629025459
5 0.1836399883031845 0.6421635150909424 0.04543328285217285 0.05936134234070778
4 0.6513838171958923 0.8858307600021362 0.19009342789649963 0.22833845019340515
5 0.7711178064346313 0.3389448821544647 0.045919228345155716 0.06139468029141426
5 0.22534146904945374 0.33682531118392944 0.044289495795965195 0.059057820588350296
5 0.8126720786094666 0.6423265933990479 0.045339155942201614 0.06026450917124748
3 0.2161235809326172 0.24110747873783112 0.027470780536532402 0.05534480884671211
5 0.7693883776664734 0.9547766447067261 0.03915109857916832 0.044683851301670074
2 0.7306167483329773 0.026957472786307335 0.012012386694550514 0.017281219363212585
5 0.7692171931266785 0.9602042436599731 0.03962383419275284 0.03045756369829178
