5 0.22589555382728577 0.9487617015838623 0.04512825235724449 0.05998341739177704
5 0.7737268805503845 0.7250919342041016 0.047670938074588776 0.06199643015861511
5 0.22614994645118713 0.33884307742118835 0.04556531831622124 0.059507302939891815
5 0.7738571763038635 0.5642384886741638 0.044111061841249466 0.05932846665382385
5 0.2222522795200348 0.5638960599899292 0.04561833292245865 0.05912691727280617
5 0.8135523200035095 0.6430937051773071 0.047492410987615585 0.06377167254686356
5 0.7719399333000183 0.3415674567222595 0.04579887539148331 0.06048138067126274
5 0.22259369492530823 0.7238097786903381 0.04478950425982475 0.05875048041343689
5 0.18385963141918182 0.6441468596458435 0.04711723327636719 0.05950787663459778
5 0.7701560258865356 0.9635117650032043 0.04089469835162163 0.02946876734495163
