5 0.773077130317688 0.7215040922164917 0.047208596020936966 0.06154688447713852
5 0.22562752664089203 0.9459431171417236 0.04479065164923668 0.059735581278800964
5 0.7730592489242554 0.5633249282836914 0.04555044323205948 0.05842466279864311
5 0.22230570018291473 0.7215837836265564 0.04463830217719078 0.058306798338890076
5 0.8119444847106934 0.6414962410926819 0.04722557216882706 0.060702841728925705
5 0.18384681642055511 0.6417698860168457 0.04627270624041557 0.06027241051197052
5 0.22524617612361908 0.3365645110607147 0.045618679374456406 0.060699719935655594
5 0.2216445505619049 0.5619495511054993 0.04547319561243057 0.058868952095508575
5 0.770736038684845 0.3383429944515228 0.04553527757525444 0.059543427079916
5 0.7690673470497131 0.9633357524871826 0.04050474241375923 0.02918117679655552
