5 0.22556109726428986 0.9489619731903076 0.044521380215883255 0.05994964763522148
5 0.7709739208221436 0.342487096786499 0.04697103425860405 0.059735581278800964
5 0.7732227444648743 0.5645323991775513 0.04502267763018608 0.05933292582631111
5 0.7737908363342285 0.7253158092498779 0.04754943773150444 0.06096583977341652
5 0.22242651879787445 0.7246463894844055 0.044473934918642044 0.05948073789477348
5 0.2225371152162552 0.5645381212234497 0.044701673090457916 0.05893447622656822
5 0.8129032254219055 0.6452106833457947 0.046058084815740585 0.06094634532928467
5 0.22511330246925354 0.33970189094543457 0.04588508605957031 0.05963778495788574
5 0.18315242230892181 0.6448384523391724 0.04676103591918945 0.05870741233229637
5 0.7693526148796082 0.9638047218322754 0.04088649898767471 0.029731256887316704
