5 0.183594 0.641962 0.045312 0.060543
5 0.225000 0.946764 0.043750 0.060543
5 0.773438 0.723382 0.046875 0.060543
5 0.221875 0.721294 0.043750 0.056367
4 0.651563 0.582463 0.184375 0.112735
5 0.812500 0.640919 0.046875 0.062630
5 0.773438 0.561587 0.043750 0.058455
5 0.771094 0.338205 0.045312 0.062630
5 0.221875 0.560543 0.043750 0.056367
4 0.342969 0.581420 0.185938 0.110647
5 0.225000 0.337161 0.043750 0.060543
4 0.651563 0.352818 0.187500 0.329854
5 0.768750 0.962422 0.040625 0.025052
4 0.342969 0.351775 0.189062 0.331942
0 0.334375 0.077244 0.034375 0.121086
2 0.214844 0.098121 0.039062 0.075157
2 0.521094 0.056367 0.064062 0.050104
1 0.280469 0.341336 0.014063 0.027140
