4 0.34290534257888794 0.8855048418045044 0.18750810623168945 0.2282029390335083
4 0.3429073691368103 0.7069239616394043 0.1859259158372879 0.10949656367301941
4 0.6516262292861938 0.705913782119751 0.18636970221996307 0.1057424545288086
5 0.18247447907924652 0.6408140063285828 0.04768543317914009 0.062411826103925705
5 0.7735709547996521 0.7223702073097229 0.047226905822753906 0.06025189533829689
5 0.22248780727386475 0.5616075992584229 0.045397091656923294 0.06107223778963089
5 0.22209857404232025 0.7212058305740356 0.04440322145819664 0.05837025120854378
4 0.6511859893798828 0.8856469392776489 0.1885330229997635 0.22870612144470215
5 0.22527293860912323 0.9460583925247192 0.04450635984539986 0.06077050045132637
5 0.8127588629722595 0.6414185762405396 0.04705386236310005 0.0630788803100586
5 0.7732049822807312 0.5610020160675049 0.0458248145878315 0.06194797903299332
5 0.22544579207897186 0.3372325599193573 0.04615039750933647 0.06054101511836052
5 0.7713578939437866 0.33875516057014465 0.046550847589969635 0.06106312572956085
5 0.769565999507904 0.9541304707527161 0.03925018385052681 0.04502330347895622
5 0.7693191766738892 0.9605289697647095 0.039841558784246445 0.02917327545583248
