5 0.18336892127990723 0.6418434381484985 0.04636793211102486 0.06076935678720474
5 0.7737383246421814 0.7226179242134094 0.0476343147456646 0.060447998344898224
5 0.22551016509532928 0.9464377760887146 0.04510908201336861 0.06026552990078926
5 0.2229640930891037 0.5615870952606201 0.04501752927899361 0.05915963277220726
5 0.22252269089221954 0.7212726473808289 0.04451699182391167 0.058367449790239334
5 0.2253854125738144 0.33662527799606323 0.04571790620684624 0.05963530018925667
5 0.8132861256599426 0.6418969631195068 0.04720058664679527 0.0625440925359726
5 0.7717195749282837 0.3389345705509186 0.04763927683234215 0.06241896003484726
5 0.7733741402626038 0.5609220266342163 0.04597959667444229 0.060433950275182724
5 0.769731342792511 0.9621738791465759 0.041356850415468216 0.026592979207634926
