5 0.2261158674955368 0.9490955471992493 0.04510479047894478 0.05981725826859474
5 0.2268257588148117 0.3412831127643585 0.04566454887390137 0.06214742362499237
5 0.7743728756904602 0.7264316082000732 0.04797849804162979 0.06310920417308807
5 0.8136046528816223 0.6456073522567749 0.04635791853070259 0.06106344610452652
5 0.7718836069107056 0.3438056409358978 0.04588432237505913 0.06281498819589615
5 0.22294943034648895 0.5649084448814392 0.04659085348248482 0.06043321639299393
5 0.7742353677749634 0.5657498836517334 0.04560203477740288 0.06037141755223274
5 0.22332763671875 0.7254577875137329 0.04602327570319176 0.060505591332912445
5 0.18476366996765137 0.6446240544319153 0.04507150873541832 0.059086874127388
5 0.7693451046943665 0.9642956256866455 0.04166736826300621 0.032361119985580444
1 0.5805778503417969 0.058798495680093765 0.024462128058075905 0.0421798974275589
