5 0.18312351405620575 0.642079770565033 0.04706137254834175 0.061129193753004074
5 0.2255982905626297 0.9465381503105164 0.044870663434267044 0.05971289798617363
5 0.7739506363868713 0.7228531241416931 0.046624090522527695 0.059884537011384964
5 0.2225486785173416 0.561255931854248 0.04463920742273331 0.05869186669588089
5 0.22251315414905548 0.7210026383399963 0.04455118253827095 0.05809514969587326
5 0.7742458581924438 0.5618241429328918 0.04600849375128746 0.06088862195611
5 0.2256404459476471 0.3370288908481598 0.045490264892578125 0.0588013231754303
5 0.7725582122802734 0.33933788537979126 0.04743022844195366 0.0625344067811966
5 0.8134498000144958 0.6421852707862854 0.04676227644085884 0.06176847219467163
5 0.7697944641113281 0.9629777669906616 0.04200344160199165 0.02786426991224289
