5 0.773261547088623 0.7192359566688538 0.047068025916814804 0.060582682490348816
5 0.22540028393268585 0.9437832236289978 0.04461174085736275 0.06018703803420067
5 0.18415336310863495 0.6397086977958679 0.045564938336610794 0.06064983457326889
5 0.7739555835723877 0.5614718198776245 0.047327425330877304 0.05835473909974098
5 0.22181324660778046 0.5598361492156982 0.04514942318201065 0.059177473187446594
5 0.22553682327270508 0.33459463715553284 0.04548349604010582 0.05988778546452522
5 0.7707929015159607 0.33634787797927856 0.04625978693366051 0.06043117865920067
5 0.22235332429409027 0.7186465263366699 0.04437761381268501 0.058098845183849335
5 0.8123669624328613 0.6399667263031006 0.04685497283935547 0.05932553485035896
5 0.7687721252441406 0.9619910717010498 0.04155254364013672 0.025859156623482704
