5 0.7739254832267761 0.7226032018661499 0.04702167585492134 0.06090709939599037
5 0.22589734196662903 0.9460458159446716 0.04464096948504448 0.06052980199456215
5 0.2224205732345581 0.7213923931121826 0.04472947120666504 0.059208944439888
5 0.1848956197500229 0.64167320728302 0.04606156423687935 0.05959019064903259
5 0.2222883701324463 0.5621872544288635 0.04508156701922417 0.05854061618447304
5 0.7738628387451172 0.5634559988975525 0.04575386270880699 0.05816077068448067
5 0.8125465512275696 0.6424322128295898 0.04581775888800621 0.06058803200721741
5 0.7713285088539124 0.33880144357681274 0.0461084358394146 0.05948838219046593
5 0.2259141504764557 0.3370581269264221 0.04565029218792915 0.05969811975955963
5 0.7695080041885376 0.9619335532188416 0.04118004068732262 0.026774683967232704
