4 0.34291672706604004 0.8854226469993591 0.1879536658525467 0.2291547805070877
4 0.343066543340683 0.7077245712280273 0.18517552316188812 0.10790812224149704
4 0.6510887145996094 0.7071684002876282 0.18701611459255219 0.10711836069822311
5 0.7729265689849854 0.7234942317008972 0.04692859575152397 0.060337141156196594
5 0.22209253907203674 0.5623427033424377 0.04539294168353081 0.060463543981313705
5 0.2224399894475937 0.7227898836135864 0.04436326026916504 0.05926743149757385
5 0.22537556290626526 0.9472002983093262 0.0443115234375 0.059972457587718964
5 0.22535109519958496 0.33837375044822693 0.04479789733886719 0.059817321598529816
5 0.7741323709487915 0.5646601915359497 0.04793186113238335 0.05938606336712837
5 0.7707467079162598 0.3400994539260864 0.046584513038396835 0.060955073684453964
5 0.18395860493183136 0.6439158320426941 0.045067835599184036 0.06078056991100311
5 0.812225341796875 0.6430594325065613 0.04641079902648926 0.061174046248197556
4 0.6502952575683594 0.8861933946609497 0.18863248825073242 0.22761322557926178
5 0.7690393328666687 0.9552989602088928 0.03986940532922745 0.04635792225599289
5 0.768643319606781 0.9609618186950684 0.040610697120428085 0.032460637390613556
