5 0.7729750871658325 0.7224966287612915 0.046404074877500534 0.059144340455532074
5 0.22209499776363373 0.5616787075996399 0.045040179044008255 0.05969085544347763
5 0.22503502666950226 0.9462647438049316 0.04473681375384331 0.06036236882209778
5 0.18365824222564697 0.6429423093795776 0.04503903537988663 0.06066741794347763
5 0.22529040277004242 0.3373863697052002 0.04499826580286026 0.05895065888762474
5 0.7705664038658142 0.3394409120082855 0.04672412946820259 0.06161881610751152
5 0.22212116420269012 0.721688985824585 0.04440813139081001 0.05765172094106674
5 0.8114248514175415 0.6426447629928589 0.04572582244873047 0.06029356271028519
5 0.7734727263450623 0.5639649629592896 0.04643306881189346 0.05728869512677193
5 0.7685803771018982 0.9622952938079834 0.0410955436527729 0.026307936757802963
2 0.0963713526725769 0.6425905227661133 0.010592556558549404 0.014894362539052963
