5 0.7734648585319519 0.7224443554878235 0.047034263610839844 0.060581024736166
5 0.8120560050010681 0.641676127910614 0.04715085029602051 0.06227446347475052
5 0.22169414162635803 0.5614975690841675 0.04408106952905655 0.05788872390985489
5 0.22460472583770752 0.9465048313140869 0.04422416910529137 0.061410415917634964
5 0.18309356272220612 0.6422027945518494 0.04620549827814102 0.06056598946452141
5 0.22158513963222504 0.7218008041381836 0.044150497764348984 0.05888962373137474
5 0.7731265425682068 0.561909556388855 0.0457242988049984 0.06043691188097
5 0.2253221571445465 0.3368338644504547 0.04569721221923828 0.05991116911172867
5 0.7712262272834778 0.33843591809272766 0.0467865951359272 0.062238339334726334
5 0.768420398235321 0.9622780084609985 0.04067955166101456 0.025602655485272408
