5 0.773544430732727 0.7208496928215027 0.04769706726074219 0.061076950281858444
5 0.2226599007844925 0.7200414538383484 0.0449092872440815 0.058823112398386
5 0.8130338788032532 0.6393096446990967 0.04700946807861328 0.06413915753364563
5 0.2226053774356842 0.5599613189697266 0.0454227440059185 0.058661796152591705
5 0.22560587525367737 0.9453657865524292 0.044857025146484375 0.06052521616220474
5 0.18334713578224182 0.6410490870475769 0.045537710189819336 0.059436775743961334
5 0.22544455528259277 0.33548203110694885 0.046060848981142044 0.058551445603370667
5 0.7732458114624023 0.5599413514137268 0.046256162226200104 0.060202836990356445
5 0.7717341780662537 0.33730649948120117 0.04775238037109375 0.06144176051020622
5 0.7696231007575989 0.9617719054222107 0.040853310376405716 0.025490524247288704
