5 0.7737166285514832 0.7218838334083557 0.04679403454065323 0.06117634102702141
5 0.22599521279335022 0.9457594156265259 0.04426164552569389 0.05985879898071289
5 0.22258901596069336 0.7208059430122375 0.044411372393369675 0.058117955923080444
5 0.2227233499288559 0.5614925622940063 0.045606911182403564 0.06042824685573578
5 0.7744010090827942 0.5639672875404358 0.04810333251953125 0.05787152424454689
5 0.18497900664806366 0.6426470875740051 0.045682765543460846 0.06294139474630356
5 0.2263428270816803 0.337373286485672 0.04589834436774254 0.060944560915231705
5 0.8125019073486328 0.641543447971344 0.04593925550580025 0.061771783977746964
5 0.7715822458267212 0.3393441438674927 0.0469728484749794 0.06102228909730911
5 0.7696333527565002 0.9619635343551636 0.04127197340130806 0.026620248332619667
