5 0.7729484438896179 0.5626828670501709 0.046393584460020065 0.06111123040318489
5 0.22145318984985352 0.5616226196289062 0.04441862180829048 0.057950906455516815
5 0.7727093696594238 0.7232018709182739 0.04729423671960831 0.06159657984972
5 0.22452469170093536 0.946421205997467 0.04423895105719566 0.06103948876261711
5 0.18312953412532806 0.6420469284057617 0.04602787643671036 0.06033153459429741
5 0.22147779166698456 0.7210830450057983 0.044309236109256744 0.059258513152599335
5 0.7705121040344238 0.3389115333557129 0.046979524195194244 0.06302956491708755
5 0.8116434216499329 0.6423891186714172 0.04647865518927574 0.06217877194285393
5 0.22493362426757812 0.3377111852169037 0.04554929956793785 0.06099546700716019
5 0.7685537338256836 0.962127149105072 0.04161243513226509 0.027241175994277
