5 0.18201588094234467 0.6407670378684998 0.04838767275214195 0.063178651034832
5 0.7722896933555603 0.7217974066734314 0.04768810421228409 0.061101034283638
5 0.22126321494579315 0.7205971479415894 0.04483485221862793 0.058539979159832
5 0.7717790007591248 0.5603972673416138 0.04570331797003746 0.06233588233590126
5 0.2241055965423584 0.9458180069923401 0.04520425945520401 0.06127623841166496
5 0.22426605224609375 0.33651790022850037 0.046244002878665924 0.06012778356671333
5 0.22130803763866425 0.5612515211105347 0.04556170850992203 0.061113011091947556
5 0.8122923970222473 0.6411409974098206 0.04825554043054581 0.06422975659370422
5 0.7705051302909851 0.338112473487854 0.04705638810992241 0.0607496052980423
5 0.7675536274909973 0.9624902606010437 0.03996257856488228 0.02504492923617363
