5 0.773997962474823 0.7226216197013855 0.04730358347296715 0.06141487509012222
5 0.7742957472801208 0.5624904632568359 0.04453754425048828 0.06034883111715317
5 0.2228517383337021 0.7210707664489746 0.04482412338256836 0.05900099128484726
5 0.8136283755302429 0.6423528790473938 0.04615287855267525 0.06155580282211304
5 0.22573022544384003 0.9462954998016357 0.04446239396929741 0.05948150157928467
5 0.1846984624862671 0.6418755054473877 0.04606442525982857 0.06001552566885948
5 0.22556352615356445 0.3372729420661926 0.045453835278749466 0.06023086979985237
5 0.22272689640522003 0.5620686411857605 0.045172642916440964 0.05943907052278519
5 0.7722916007041931 0.33870401978492737 0.046479035168886185 0.06120488420128822
5 0.7691825032234192 0.9617611169815063 0.04113931581377983 0.02645842172205448
