4 0.3433527648448944 0.8835335969924927 0.18741102516651154 0.23143741488456726
4 0.34399840235710144 0.7057756781578064 0.18579606711864471 0.10694175213575363
4 0.6521503925323486 0.7047016024589539 0.186730295419693 0.10773482918739319
5 0.2226494401693344 0.7199531197547913 0.04397144541144371 0.05887407809495926
5 0.7736451029777527 0.7210597991943359 0.047370146960020065 0.06039830297231674
5 0.1842060685157776 0.6408495306968689 0.045958925038576126 0.05798187106847763
4 0.6518855690956116 0.8851739168167114 0.1886739730834961 0.2296523004770279
5 0.22565019130706787 0.3355763554573059 0.04526648670434952 0.05855826288461685
5 0.22263064980506897 0.5597755312919617 0.043908216059207916 0.057484161108732224
5 0.7720471620559692 0.3377346396446228 0.04683647304773331 0.06147342547774315
5 0.77395099401474 0.5609110593795776 0.045992184430360794 0.05992069095373154
5 0.22583957016468048 0.9445477724075317 0.044693853706121445 0.06104433164000511
5 0.8131085634231567 0.6412306427955627 0.045732881873846054 0.06108574569225311
5 0.7703597545623779 0.9550623297691345 0.038566019386053085 0.04651745408773422
