5 0.22226086258888245 0.5628641247749329 0.04547184705734253 0.05973290279507637
5 0.7728271484375 0.7229287028312683 0.046983908861875534 0.05958598852157593
5 0.2251025289297104 0.9468500018119812 0.04475278779864311 0.05953514575958252
5 0.18389058113098145 0.6437848210334778 0.04509763792157173 0.06079331040382385
5 0.22522249817848206 0.3381681442260742 0.04526243358850479 0.0599244199693203
5 0.773853600025177 0.5641931295394897 0.04769458994269371 0.058539342135190964
5 0.22230587899684906 0.7226576805114746 0.04518866539001465 0.05893345922231674
5 0.7706508040428162 0.34016284346580505 0.04665851593017578 0.06053744629025459
5 0.811762809753418 0.6434642672538757 0.046134140342473984 0.05955374985933304
5 0.7685303092002869 0.9631069898605347 0.04077568277716637 0.02751908265054226
1 0.6708196997642517 0.7071567177772522 0.013759041205048561 0.02109522931277752
