4 0.3425496220588684 0.8832763433456421 0.18701152503490448 0.23019301891326904
4 0.34292542934417725 0.705721378326416 0.18552736937999725 0.10730235278606415
4 0.651232898235321 0.7067421078681946 0.18573914468288422 0.10758344829082489
5 0.7736677527427673 0.7218979597091675 0.046927548944950104 0.06136135756969452
4 0.65084308385849 0.8869990706443787 0.1891639679670334 0.22600184381008148
5 0.22178767621517181 0.7206991314888 0.04401421546936035 0.05773632973432541
5 0.2248876392841339 0.9451991319656372 0.04479708895087242 0.06109708547592163
5 0.2222767323255539 0.5606658458709717 0.04425859451293945 0.058467477560043335
5 0.8118360638618469 0.6407740712165833 0.046835899353027344 0.062424566596746445
5 0.22525882720947266 0.336032509803772 0.04562244564294815 0.059355735778808594
5 0.770918607711792 0.33740508556365967 0.04654102399945259 0.060163337737321854
5 0.7730432748794556 0.5608159899711609 0.04537210613489151 0.060952078551054
5 0.18351052701473236 0.6416539549827576 0.04487738758325577 0.05931292101740837
5 0.7686876654624939 0.9548821449279785 0.03791866451501846 0.043891794979572296
5 0.7683326601982117 0.960951030254364 0.03845939785242081 0.028431424871087074
