5 0.2226530760526657 0.5617725849151611 0.04454007372260094 0.05864459276199341
5 0.2261919528245926 0.9462680816650391 0.044640589505434036 0.06046481803059578
5 0.7739331126213074 0.5625325441360474 0.04708519205451012 0.06153159216046333
5 0.18391244113445282 0.6425511240959167 0.047631409019231796 0.06048724427819252
5 0.7736748456954956 0.723336398601532 0.047643184661865234 0.06078642979264259
5 0.2257324755191803 0.33819884061813354 0.045197296887636185 0.06026839464902878
5 0.8133381009101868 0.6422427892684937 0.046167757362127304 0.062439095228910446
5 0.22278261184692383 0.7221163511276245 0.04470090940594673 0.059121277183294296
5 0.7717241644859314 0.33938905596733093 0.04773445054888725 0.06280644983053207
5 0.7690411806106567 0.9617822170257568 0.040546417236328125 0.027714803814888
