5 0.18346573412418365 0.641671895980835 0.04753530025482178 0.06246687099337578
5 0.7739145159721375 0.7229215502738953 0.04719429090619087 0.06058675795793533
5 0.813714325428009 0.6414993405342102 0.048203468322753906 0.06350459903478622
5 0.22620101273059845 0.9457550048828125 0.04402957111597061 0.06058484688401222
5 0.2228221893310547 0.5616483688354492 0.04500327259302139 0.059184733778238297
5 0.2230239361524582 0.7220809459686279 0.04465785250067711 0.05943167954683304
5 0.7744273543357849 0.5613105893135071 0.046157073229551315 0.06130427122116089
5 0.22600619494915009 0.337427020072937 0.04582944139838219 0.060362495481967926
5 0.7724310159683228 0.3390243947505951 0.04726829752326012 0.062035612761974335
5 0.769841194152832 0.9624277949333191 0.041002847254276276 0.025981098413467407
