4 0.3430446684360504 0.8844111561775208 0.18736934661865234 0.2305373102426529
4 0.3437786400318146 0.7057616114616394 0.18618512153625488 0.10883244127035141
5 0.7737986445426941 0.7200424075126648 0.04639387130737305 0.058760035783052444
4 0.6516876816749573 0.7051547169685364 0.18626956641674042 0.10584592074155807
5 0.22267119586467743 0.7192571759223938 0.044172048568725586 0.05770600214600563
4 0.6514983177185059 0.8847807049751282 0.1882270872592926 0.23043867945671082
5 0.18363416194915771 0.6406725645065308 0.04398674890398979 0.057432934641838074
5 0.22568325698375702 0.9440668225288391 0.04399514198303223 0.05971582978963852
5 0.7717941403388977 0.336591511964798 0.047617148607969284 0.06174451485276222
5 0.22545738518238068 0.3349136710166931 0.045105744153261185 0.05755284056067467
5 0.222089484333992 0.5594691634178162 0.044075965881347656 0.05679279938340187
5 0.7738026976585388 0.5608915686607361 0.04677123948931694 0.05844823643565178
5 0.8130709528923035 0.6407350897789001 0.045232582837343216 0.060703352093696594
5 0.7694383859634399 0.9539662599563599 0.039015769958496094 0.04420321434736252
