4 0.34313151240348816 0.8834836483001709 0.18669405579566956 0.23087944090366364
4 0.34380391240119934 0.7046314477920532 0.1861054003238678 0.10934747755527496
4 0.6520581841468811 0.7058369517326355 0.1857464760541916 0.10736937820911407
4 0.6521441340446472 0.8858278393745422 0.18866968154907227 0.2283443808555603
5 0.773594081401825 0.7188955545425415 0.04596824571490288 0.058093491941690445
5 0.22561240196228027 0.3338894248008728 0.04515790939331055 0.05796447768807411
5 0.18385903537273407 0.6392248272895813 0.04560055956244469 0.05869339406490326
5 0.22550368309020996 0.9432430863380432 0.04466142877936363 0.05964651331305504
5 0.7717445492744446 0.33586156368255615 0.04703349992632866 0.06067168712615967
5 0.8132093548774719 0.6392379999160767 0.045693255960941315 0.061198003590106964
5 0.22257934510707855 0.7181180119514465 0.04426393657922745 0.056602783501148224
5 0.22260311245918274 0.5586324334144592 0.04352159425616264 0.05612890049815178
5 0.7736244201660156 0.5591021180152893 0.04593544080853462 0.059893712401390076
5 0.7696148753166199 0.9604882597923279 0.04031982645392418 0.025197453796863556
5 0.7698805928230286 0.9566792249679565 0.03897056728601456 0.03572659194469452
