5 0.7724536061286926 0.7218196392059326 0.047732163220644 0.06167545169591904
5 0.18335944414138794 0.6418980956077576 0.04573061689734459 0.06213073059916496
5 0.22429800033569336 0.3358570635318756 0.04632554203271866 0.06004725396633148
5 0.2211083471775055 0.7203133702278137 0.04469933733344078 0.05850544944405556
5 0.22405581176280975 0.9451289176940918 0.04498405382037163 0.06064218655228615
5 0.7727609872817993 0.5628400444984436 0.04737205430865288 0.05817465856671333
5 0.22076599299907684 0.5607808232307434 0.04622378572821617 0.05956432595849037
5 0.7705152034759521 0.3378114402294159 0.04708099365234375 0.0599878765642643
5 0.8116413950920105 0.6405695676803589 0.04712829738855362 0.06205606460571289
5 0.7685428857803345 0.9620506763458252 0.0411565788090229 0.024741793051362038
