4 0.342718243598938 0.7050366997718811 0.18514390289783478 0.10847208648920059
4 0.3424908220767975 0.8840664625167847 0.18784666061401367 0.23186708986759186
4 0.6511028409004211 0.7049465775489807 0.18706893920898438 0.10796061903238297
5 0.7726191878318787 0.7208054065704346 0.04678220674395561 0.060120776295661926
5 0.22194905579090118 0.7201865315437317 0.04395241662859917 0.05817835405468941
5 0.22499442100524902 0.9445123076438904 0.0441804900765419 0.060152631253004074
5 0.7729460000991821 0.5626332759857178 0.04750709608197212 0.05862114578485489
5 0.22176413238048553 0.560829758644104 0.04676572233438492 0.060155946761369705
5 0.22492697834968567 0.33645761013031006 0.04591260105371475 0.05942944809794426
5 0.8111981749534607 0.6413379311561584 0.045328330248594284 0.059443529695272446
5 0.7702304124832153 0.3377757668495178 0.046851541846990585 0.06044907867908478
5 0.18451189994812012 0.6422824859619141 0.04452967643737793 0.06284455209970474
4 0.6501678824424744 0.8844953775405884 0.18819141387939453 0.23100927472114563
1 0.24008512496948242 0.23618628084659576 0.03377027437090874 0.060203857719898224
5 0.768396258354187 0.955004870891571 0.039528943598270416 0.04591118171811104
