5 0.7732284665107727 0.7231227159500122 0.046530913561582565 0.06023252755403519
5 0.2253943681716919 0.9464626908302307 0.04504356533288956 0.06108191981911659
5 0.7729331254959106 0.5635324120521545 0.04559726640582085 0.05916014313697815
5 0.22560660541057587 0.33771634101867676 0.04545335844159126 0.05907566100358963
5 0.2220410406589508 0.7217978239059448 0.04494214057922363 0.05989345535635948
5 0.18371093273162842 0.6427720189094543 0.04586672782897949 0.061378687620162964
5 0.8120627403259277 0.6428634524345398 0.04760017618536949 0.06159912794828415
5 0.22175240516662598 0.5624890327453613 0.045855190604925156 0.059852682054042816
5 0.7705233693122864 0.3395567834377289 0.0463678352534771 0.060787130147218704
5 0.7687336802482605 0.9632605314254761 0.04086942598223686 0.027747677639126778
