4 0.34203988313674927 0.8855400085449219 0.18725453317165375 0.2281494140625
4 0.34280258417129517 0.7074874639511108 0.18459120392799377 0.10761912912130356
4 0.6508753895759583 0.8851878046989441 0.18812008202075958 0.22962452471256256
5 0.18296505510807037 0.6426419615745544 0.04636714607477188 0.060667671263217926
5 0.7733260989189148 0.7227113842964172 0.04644737392663956 0.06027381122112274
4 0.6508781313896179 0.7062298655509949 0.18690967559814453 0.10556508600711823
5 0.22454844415187836 0.9461629390716553 0.04362049326300621 0.0602637454867363
5 0.811972439289093 0.6418371796607971 0.046881914138793945 0.062321100383996964
5 0.22152148187160492 0.7213752865791321 0.04384183883666992 0.0587354451417923
5 0.77285236120224 0.5613653659820557 0.04463663324713707 0.05998634546995163
5 0.22190912067890167 0.5609720945358276 0.04333200678229332 0.05734071508049965
5 0.22487297654151917 0.3366205394268036 0.045551396906375885 0.05891752988100052
5 0.7710484266281128 0.3386547863483429 0.04712333902716637 0.06202293187379837
5 0.7691505551338196 0.9544457793235779 0.03933372721076012 0.04541245102882385
5 0.7687596678733826 0.9603366255760193 0.039891719818115234 0.029921242967247963
