5 0.18279984593391418 0.6404931545257568 0.04719433933496475 0.062308359891176224
5 0.22182658314704895 0.7200042605400085 0.04506559297442436 0.058622293174266815
5 0.7734152674674988 0.7216458320617676 0.04718131944537163 0.06065034121274948
5 0.812532901763916 0.6405636668205261 0.0475248359143734 0.0626685842871666
5 0.22435784339904785 0.3363673686981201 0.04599475860595703 0.05997411534190178
5 0.22406916320323944 0.9457444548606873 0.0448702834546566 0.059879694133996964
5 0.22180533409118652 0.5607535243034363 0.04575629159808159 0.060502152889966965
5 0.7706469893455505 0.3381425440311432 0.047417450696229935 0.0605371929705143
5 0.7730780839920044 0.5596885085105896 0.04611339792609215 0.06127101555466652
5 0.7680737376213074 0.9618460536003113 0.040842246264219284 0.025392282754182816
