5 0.7724052667617798 0.7215511202812195 0.04719391092658043 0.06061084195971489
5 0.2218022644519806 0.7200133800506592 0.04458227381110191 0.05903106555342674
5 0.22441616654396057 0.9450997114181519 0.044295456260442734 0.06038173660635948
5 0.22138714790344238 0.5610603094100952 0.046528447419404984 0.06006165221333504
5 0.22510825097560883 0.3361252546310425 0.04526185989379883 0.05950978770852089
5 0.1839931756258011 0.6423291563987732 0.04454612731933594 0.061202846467494965
5 0.8114942908287048 0.6408384442329407 0.046479035168886185 0.06109721213579178
5 0.7702504992485046 0.3383701741695404 0.047167014330625534 0.061266299337148666
5 0.7725623846054077 0.563589334487915 0.04658222198486328 0.058085847645998
5 0.7681297063827515 0.9636504650115967 0.04061155393719673 0.03022221475839615
