5 0.7740158438682556 0.7196245193481445 0.047708798199892044 0.06219469755887985
5 0.8125131726264954 0.6389362812042236 0.04652209207415581 0.06032184883952141
5 0.22479021549224854 0.9433203935623169 0.044008780270814896 0.05989804491400719
5 0.7713897824287415 0.33587756752967834 0.04694852977991104 0.05958241969347
5 0.18353068828582764 0.639423668384552 0.045247603207826614 0.05888962373137474
5 0.22173190116882324 0.7184613943099976 0.04459848627448082 0.05849665403366089
5 0.2247597724199295 0.33375418186187744 0.04564471170306206 0.059599749743938446
5 0.22198644280433655 0.5582064986228943 0.0448421947658062 0.057565074414014816
5 0.7726539373397827 0.5586758852005005 0.04576606675982475 0.05979381129145622
5 0.7692158818244934 0.9608716368675232 0.0403020866215229 0.02433302253484726
