4 0.343750 0.884134 0.187500 0.231733
4 0.344531 0.705637 0.185938 0.108559
4 0.652344 0.705637 0.185938 0.108559
5 0.775000 0.721294 0.046875 0.060543
4 0.652344 0.886221 0.189062 0.227557
5 0.223438 0.722338 0.043750 0.058455
5 0.226562 0.945720 0.043750 0.058455
5 0.227344 0.336117 0.045312 0.058455
5 0.775000 0.562630 0.046875 0.060543
5 0.813281 0.641962 0.045312 0.060543
5 0.184375 0.641962 0.043750 0.056367
5 0.772656 0.339248 0.045312 0.060543
5 0.223438 0.560543 0.043750 0.056367
5 0.769531 0.957203 0.039062 0.039666
