5 0.1823171228170395 0.6414785981178284 0.04756886884570122 0.062173034995794296
5 0.22455620765686035 0.9469154477119446 0.04445695877075195 0.06024374067783356
5 0.7734342217445374 0.7226986885070801 0.04716453701257706 0.06015900522470474
5 0.22156934440135956 0.7214528918266296 0.04422255977988243 0.058384522795677185
5 0.8121470808982849 0.6420232653617859 0.04712085798382759 0.06210754066705704
5 0.22512798011302948 0.33705443143844604 0.045660972595214844 0.05992047116160393
5 0.7712969779968262 0.33929941058158875 0.047621823847293854 0.06200254708528519
5 0.22145871818065643 0.5618114471435547 0.045156192034482956 0.06004063040018082
5 0.7729277610778809 0.5619070529937744 0.04578399658203125 0.061250120401382446
5 0.7690207958221436 0.962249219417572 0.04081439971923828 0.02794824168086052
