4 0.34313032031059265 0.8813453912734985 0.18665580451488495 0.2309175282716751
4 0.34338846802711487 0.7038108110427856 0.18539667129516602 0.10701030492782593
4 0.6524621248245239 0.704348623752594 0.18581925332546234 0.10902281105518341
4 0.6523324251174927 0.8857119679450989 0.1884388029575348 0.2285761535167694
5 0.18342077732086182 0.6387340426445007 0.04704651981592178 0.062059249728918076
5 0.7736412882804871 0.7190253138542175 0.046852875500917435 0.059610068798065186
5 0.7712936997413635 0.3356713354587555 0.04711132124066353 0.05918996036052704
5 0.22571726143360138 0.9428689479827881 0.04461279138922691 0.06071762368083
5 0.22569234669208527 0.33388087153434753 0.04585323482751846 0.059006281197071075
5 0.8129608035087585 0.6391013860702515 0.04593968391418457 0.05977355316281319
5 0.7730036377906799 0.5576684474945068 0.045461177825927734 0.060989413410425186
5 0.22259271144866943 0.5590366125106812 0.044722653925418854 0.05933216214179993
5 0.22255602478981018 0.7182447910308838 0.0438932441174984 0.05765082687139511
5 0.7698870301246643 0.9533525705337524 0.03938913345336914 0.041737090796232224
5 0.7697165608406067 0.9601058959960938 0.040555573999881744 0.02520560845732689
