5 0.2224777787923813 0.5614520907402039 0.044161226600408554 0.0574260875582695
5 0.7733542323112488 0.722761332988739 0.046892739832401276 0.05987217649817467
5 0.22500668466091156 0.9461238384246826 0.04458770900964737 0.06008407846093178
5 0.7729687094688416 0.5624844431877136 0.04579773172736168 0.06053910404443741
5 0.18350794911384583 0.6418697834014893 0.045294858515262604 0.05990543216466904
5 0.8122307062149048 0.6420804858207703 0.047571755945682526 0.06228351220488548
5 0.22181542217731476 0.7221941947937012 0.04506364092230797 0.05970601737499237
5 0.22541895508766174 0.3373124897480011 0.04535284265875816 0.06021589785814285
5 0.7708863615989685 0.338754802942276 0.04660463333129883 0.06230071187019348
5 0.7686931490898132 0.9634702801704407 0.04052429273724556 0.028444167226552963
