5 0.18283437192440033 0.6416229605674744 0.04875893518328667 0.06282390654087067
5 0.8132549524307251 0.641715943813324 0.04716916009783745 0.0632079616189003
5 0.7736832499504089 0.7233616709709167 0.04750671610236168 0.0603761300444603
5 0.22562122344970703 0.9466828107833862 0.04520378261804581 0.0605420358479023
5 0.22268414497375488 0.5621172785758972 0.04525957256555557 0.060895886272192
5 0.22274410724639893 0.7223835587501526 0.044730044901371 0.059192124754190445
5 0.7716923952102661 0.3390596807003021 0.047421645373106 0.06182288005948067
5 0.2257755547761917 0.3380052447319031 0.045945312827825546 0.05916141718626022
5 0.7735764384269714 0.5613783001899719 0.04636688157916069 0.061835844069719315
5 0.769485592842102 0.963171124458313 0.040766336023807526 0.028846310451626778
