5 0.22584795951843262 0.9489520788192749 0.045252181589603424 0.06029203161597252
5 0.773699939250946 0.5643513202667236 0.04432487487792969 0.059840958565473557
5 0.7735125422477722 0.7251213788986206 0.04753875732421875 0.060390274971723557
5 0.22599759697914124 0.33943140506744385 0.045351792126894 0.05998048558831215
5 0.22274918854236603 0.5641451478004456 0.04494009166955948 0.05897831171751022
5 0.813580334186554 0.6452422738075256 0.046906281262636185 0.06172451004385948
5 0.2222030609846115 0.7241318225860596 0.04520425945520401 0.0600220263004303
5 0.183202862739563 0.6446913480758667 0.047113943845033646 0.058931801468133926
5 0.7716817855834961 0.3413417935371399 0.04601745679974556 0.060685895383358
5 0.769357442855835 0.9637095928192139 0.041252996772527695 0.028683211654424667
1 0.4577806890010834 0.14338454604148865 0.01762552373111248 0.022768758237361908
1 0.10095000267028809 0.48898956179618835 0.014007640071213245 0.019468622282147408
