5 0.7732704877853394 0.7191153168678284 0.0466708205640316 0.05955234915018082
5 0.2218191921710968 0.5594025254249573 0.04610900953412056 0.058823112398386
5 0.22218990325927734 0.7186498641967773 0.04490986093878746 0.058465566486120224
5 0.22546111047267914 0.9436311721801758 0.04478659853339195 0.059967104345560074
5 0.770853579044342 0.3364509046077728 0.04637594148516655 0.05987899377942085
5 0.18419384956359863 0.6400816440582275 0.044182922691106796 0.06001985818147659
5 0.22523236274719238 0.33420297503471375 0.045244645327329636 0.059195756912231445
5 0.7739360928535461 0.5618764758110046 0.04763622209429741 0.05833138898015022
5 0.8120032548904419 0.6397486329078674 0.04658661037683487 0.059519216418266296
5 0.7684311270713806 0.9620082378387451 0.042069435119628906 0.025514990091323853
