4 0.34288445115089417 0.8832496404647827 0.18706627190113068 0.23160803318023682
4 0.3433087468147278 0.7037544846534729 0.18602381646633148 0.10910028219223022
5 0.18250469863414764 0.6395555138587952 0.046652939170598984 0.06103948876261711
5 0.7736905217170715 0.7201918959617615 0.04678916931152344 0.05949182063341141
4 0.651802659034729 0.7063876390457153 0.1861526519060135 0.10708650201559067
4 0.651755154132843 0.8853307962417603 0.18779011070728302 0.2293383926153183
5 0.2255231887102127 0.9443158507347107 0.044271375983953476 0.060400594025850296
5 0.7718393206596375 0.3365616798400879 0.04719400405883789 0.06147998943924904
5 0.22544336318969727 0.3341015577316284 0.04559831693768501 0.05806329473853111
5 0.22227168083190918 0.7185831069946289 0.0436091423034668 0.05713629722595215
5 0.8133755922317505 0.6386492252349854 0.046346474438905716 0.06329282373189926
5 0.22228515148162842 0.5592724680900574 0.04478955268859863 0.058473337441682816
5 0.773481547832489 0.5593911409378052 0.04612922668457031 0.060170598328113556
5 0.7699522972106934 0.9530515074729919 0.03903961181640625 0.043043166399002075
5 0.7696990370750427 0.959862232208252 0.0400274284183979 0.02669440768659115
