5 0.22250127792358398 0.5604767799377441 0.044707488268613815 0.05773087963461876
5 0.2224520742893219 0.7202913165092468 0.04492158815264702 0.05857756733894348
5 0.7738752365112305 0.7217439413070679 0.047768402844667435 0.06219546124339104
5 0.2255442589521408 0.9452906250953674 0.04476938396692276 0.060449399054050446
5 0.18325923383235931 0.6409616470336914 0.04617154598236084 0.06018410623073578
5 0.771212100982666 0.3373570442199707 0.046793173998594284 0.06011708080768585
5 0.22530794143676758 0.33600249886512756 0.04566788673400879 0.059253543615341187
5 0.7729904651641846 0.5599833726882935 0.04591703414916992 0.061042420566082
5 0.8126181960105896 0.6409484148025513 0.04650096967816353 0.06105032190680504
5 0.769035279750824 0.9618678092956543 0.04146118089556694 0.024694392457604408
