5 0.1825544685125351 0.640639066696167 0.04697418212890625 0.061523694545030594
5 0.7735075950622559 0.7217132449150085 0.04755039140582085 0.06109504774212837
5 0.22204072773456573 0.7207404971122742 0.04439253732562065 0.05813872814178467
5 0.22491149604320526 0.9456115961074829 0.04448595270514488 0.060456532984972
5 0.22191999852657318 0.5612209439277649 0.04576168209314346 0.059712134301662445
5 0.22517447173595428 0.3363609313964844 0.04538374021649361 0.06005324423313141
5 0.8126993179321289 0.6415549516677856 0.046324919909238815 0.06120755895972252
5 0.771289050579071 0.3380683362483978 0.047388460487127304 0.062021151185035706
5 0.7731369137763977 0.5604611039161682 0.04597816616296768 0.06103436276316643
5 0.7689805030822754 0.9620682597160339 0.040601540356874466 0.025279512628912926
