5 0.18281221389770508 0.6411651372909546 0.04719877243041992 0.0613037645816803
5 0.7730949521064758 0.7223919630050659 0.04695529863238335 0.06132708117365837
5 0.22452156245708466 0.9459399580955505 0.0441737174987793 0.06039498746395111
5 0.22166378796100616 0.7208285331726074 0.04404277727007866 0.057146746665239334
5 0.8122239112854004 0.6418846845626831 0.04742317274212837 0.062016308307647705
5 0.2214830219745636 0.5611810684204102 0.04467768594622612 0.059118252247571945
5 0.7711193561553955 0.3379589915275574 0.04725008085370064 0.062018983066082
5 0.7729684114456177 0.5608212351799011 0.045539285987615585 0.06085781753063202
5 0.22490687668323517 0.336678147315979 0.045339252799749374 0.05948048084974289
5 0.7684089541435242 0.9628244042396545 0.041333772242069244 0.024714015424251556
