5 0.774048924446106 0.7194513082504272 0.04752998426556587 0.06084364280104637
5 0.18444852530956268 0.6394310593605042 0.046442605555057526 0.059576939791440964
5 0.8131985664367676 0.6385679244995117 0.04662933573126793 0.06258028000593185
5 0.22563906013965607 0.9432031512260437 0.04493231698870659 0.06125152111053467
5 0.7721796035766602 0.33587825298309326 0.04699745401740074 0.060802359133958817
5 0.22251713275909424 0.5586438775062561 0.04446611553430557 0.057671088725328445
5 0.2228965312242508 0.7186298370361328 0.04488201066851616 0.05800811946392059
5 0.22582252323627472 0.3343918025493622 0.045708753168582916 0.059131473302841187
5 0.7743579745292664 0.5594543218612671 0.04668722301721573 0.060354724526405334
5 0.7697322964668274 0.9616524577140808 0.04164161905646324 0.02445076033473015
