5 0.7732989192008972 0.7219265699386597 0.0476263053715229 0.06221342831850052
5 0.22150669991970062 0.7197877168655396 0.04431915283203125 0.05896684154868126
5 0.2241557091474533 0.9454112648963928 0.044353485107421875 0.060261450707912445
5 0.8122761845588684 0.6406746506690979 0.04793376848101616 0.06231358274817467
5 0.18345442414283752 0.6411478519439697 0.04543915018439293 0.05996659770607948
5 0.7709541916847229 0.3373989462852478 0.04679059982299805 0.05986408516764641
5 0.2216455489397049 0.5603626370429993 0.044615089893341064 0.0578150749206543
5 0.22451376914978027 0.3362736701965332 0.04544687271118164 0.05946448817849159
5 0.7730861902236938 0.5601544380187988 0.04592457041144371 0.06106347590684891
5 0.7685860991477966 0.9626032114028931 0.04113331064581871 0.024944648146629333
