5 0.7741562128067017 0.722757875919342 0.046790506690740585 0.05975240096449852
5 0.18373779952526093 0.6427032947540283 0.04750626161694527 0.059585604816675186
5 0.22284221649169922 0.5615479350090027 0.043402861803770065 0.057771846652030945
5 0.22569075226783752 0.9469566345214844 0.04501943662762642 0.060430411249399185
5 0.22258932888507843 0.7221661806106567 0.044913340359926224 0.05864981561899185
5 0.8136073350906372 0.6410001516342163 0.04731044918298721 0.06347580254077911
5 0.7743722796440125 0.5623989701271057 0.04649391397833824 0.06055261194705963
5 0.7725987434387207 0.3385452628135681 0.04698028787970543 0.061537329107522964
5 0.22565846145153046 0.33726441860198975 0.04573497921228409 0.06006866320967674
5 0.7696506381034851 0.963180661201477 0.04137268289923668 0.02868015319108963
