4 0.34274613857269287 0.8843921422958374 0.1869041919708252 0.22978831827640533
4 0.34326058626174927 0.7060657739639282 0.1859952062368393 0.10916628688573837
5 0.7739187479019165 0.7198551297187805 0.04664325714111328 0.06031190976500511
4 0.6517276167869568 0.7039440870285034 0.18666639924049377 0.10698915272951126
5 0.18326933681964874 0.6396223306655884 0.04545173794031143 0.060141291469335556
5 0.22541940212249756 0.33433040976524353 0.04540605470538139 0.05853653699159622
5 0.8125624060630798 0.6395835876464844 0.045975543558597565 0.06148584932088852
5 0.2253488153219223 0.9441324472427368 0.04432058334350586 0.060551464557647705
5 0.2222062200307846 0.7187065482139587 0.04454808309674263 0.05797932296991348
5 0.7711440920829773 0.336371511220932 0.04659633710980415 0.06078795716166496
4 0.6511886715888977 0.8844993114471436 0.18803977966308594 0.2310013771057129
5 0.7729114294052124 0.5593604445457458 0.04554186016321182 0.05971076339483261
5 0.22267647087574005 0.5590388178825378 0.04399681091308594 0.05709319934248924
5 0.7696681618690491 0.9534042477607727 0.03919677808880806 0.04427278786897659
5 0.7693700194358826 0.9599019885063171 0.04007739946246147 0.028308080509305
