5 0.22602084279060364 0.9467968344688416 0.04388904571533203 0.05945665389299393
5 0.7736987471580505 0.7231897115707397 0.0465661995112896 0.059660401195287704
5 0.7742294669151306 0.5643593668937683 0.04781799390912056 0.05807233974337578
5 0.22628183662891388 0.3383445143699646 0.04655656963586807 0.06076858937740326
5 0.22308842837810516 0.5624990463256836 0.04602985456585884 0.06128503382205963
5 0.22282639145851135 0.7227523326873779 0.044173430651426315 0.05850531905889511
5 0.771352231502533 0.33984994888305664 0.046717263758182526 0.06064244359731674
5 0.18524889647960663 0.6431484818458557 0.04536318778991699 0.06376835703849792
5 0.8123618364334106 0.643233597278595 0.0450708381831646 0.06055464968085289
5 0.7695889472961426 0.9624999761581421 0.04107780382037163 0.027333302423357964
