5 0.7736279964447021 0.720533549785614 0.04722337797284126 0.05971251800656319
5 0.2226713001728058 0.7194948196411133 0.04481372982263565 0.05859018489718437
5 0.22229228913784027 0.5590953230857849 0.044367026537656784 0.05747119337320328
5 0.22559113800525665 0.9448311924934387 0.04496469721198082 0.060241956263780594
5 0.18312488496303558 0.6406670808792114 0.045142676681280136 0.05881814286112785
5 0.8132972717285156 0.6387481093406677 0.04748592525720596 0.06423956900835037
5 0.7721773386001587 0.3365839421749115 0.04736747965216637 0.061753179877996445
5 0.2253435105085373 0.3352031707763672 0.04527254030108452 0.05787343531847
5 0.7733689546585083 0.560017466545105 0.04626941680908203 0.05962943658232689
5 0.7696689963340759 0.9618815183639526 0.04086790233850479 0.02432270161807537
