5 0.7737845778465271 0.721860408782959 0.047944068908691406 0.0624023973941803
5 0.22269554436206818 0.7207314372062683 0.04491076618432999 0.058646250516176224
5 0.225782111287117 0.9455419182777405 0.04536418989300728 0.06070245802402496
5 0.7736861109733582 0.5616093277931213 0.04474334791302681 0.06066254526376724
5 0.8133295178413391 0.641589343547821 0.046572495251894 0.06144150719046593
5 0.18446461856365204 0.6412143707275391 0.04720277711749077 0.06137919798493385
5 0.22537922859191895 0.33628344535827637 0.04542284086346626 0.059861600399017334
5 0.7722401022911072 0.33806005120277405 0.04659118875861168 0.060479216277599335
5 0.22279787063598633 0.5612390637397766 0.04573845863342285 0.0599488839507103
5 0.7693800330162048 0.9621286392211914 0.04066333919763565 0.025302959606051445
