4 0.343750 0.883090 0.187500 0.229645
4 0.342969 0.706681 0.185938 0.106472
4 0.652344 0.705637 0.185938 0.108559
5 0.773438 0.721294 0.046875 0.060543
5 0.183594 0.640919 0.045312 0.058455
4 0.651563 0.887265 0.190625 0.225470
5 0.222656 0.720251 0.045312 0.058455
5 0.773438 0.562630 0.046875 0.060543
5 0.222656 0.561587 0.045312 0.058455
5 0.770312 0.338205 0.046875 0.062630
5 0.225781 0.945720 0.045312 0.062630
5 0.225781 0.337161 0.045312 0.060543
5 0.812500 0.641962 0.046875 0.060543
5 0.769531 0.954071 0.039062 0.045929
2 0.186719 0.491649 0.010937 0.014614
