5 0.22562380135059357 0.9469351768493652 0.04496049880981445 0.059548016637563705
5 0.22289256751537323 0.5621282458305359 0.04371318966150284 0.057917140424251556
5 0.18301300704479218 0.6427082419395447 0.045782994478940964 0.059551071375608444
5 0.7733955383300781 0.723025918006897 0.046720124781131744 0.060017310082912445
5 0.22259917855262756 0.7218090295791626 0.04464760050177574 0.05837216600775719
5 0.7739553451538086 0.5621247291564941 0.0463436134159565 0.060545600950717926
5 0.7722373008728027 0.33964842557907104 0.04743490368127823 0.06257002055644989
5 0.8136162757873535 0.6424187421798706 0.04666271433234215 0.061698008328676224
5 0.22557036578655243 0.33732861280441284 0.04551515728235245 0.05919206142425537
5 0.7695658802986145 0.962736189365387 0.04140796884894371 0.027845539152622223
