5 0.774838387966156 0.7199864983558655 0.046933747828006744 0.06009121611714363
5 0.22284145653247833 0.7189066410064697 0.044374942779541016 0.057437777519226074
5 0.7726871371269226 0.33671948313713074 0.04651803895831108 0.06089461222290993
5 0.22623100876808167 0.9439372420310974 0.04431910440325737 0.059936270117759705
5 0.2227301150560379 0.5591111183166504 0.04442863538861275 0.056485552340745926
5 0.22627495229244232 0.3340088427066803 0.04588313028216362 0.05883878469467163
5 0.18498586118221283 0.6402344703674316 0.04475369676947594 0.05864013358950615
5 0.8135294318199158 0.6397938132286072 0.04607677459716797 0.060492850840091705
5 0.7749413847923279 0.560142993927002 0.04653129726648331 0.059310756623744965
5 0.7693368196487427 0.9610586762428284 0.04195366054773331 0.026030283421278
