4 0.343750 0.884134 0.187500 0.231733
4 0.342969 0.705637 0.185938 0.108559
4 0.652344 0.706681 0.185938 0.106472
5 0.773438 0.723382 0.046875 0.060543
5 0.221875 0.721294 0.043750 0.056367
5 0.225000 0.944676 0.043750 0.060543
4 0.651563 0.887265 0.190625 0.225470
5 0.222656 0.562630 0.045312 0.060543
5 0.183594 0.643006 0.045312 0.062630
5 0.774219 0.563674 0.048438 0.058455
5 0.771094 0.339248 0.045312 0.060543
5 0.225781 0.337161 0.045312 0.060543
5 0.812500 0.641962 0.046875 0.060543
5 0.769531 0.955115 0.039062 0.043841
5 0.768750 0.961378 0.040625 0.031315
2 0.357031 0.091858 0.010937 0.025052
