4 0.343750 0.882046 0.187500 0.231733
4 0.342969 0.704593 0.185938 0.106472
4 0.652344 0.705637 0.185938 0.108559
5 0.773438 0.719207 0.046875 0.060543
4 0.652344 0.886221 0.189062 0.227557
5 0.225781 0.943633 0.045312 0.058455
5 0.184375 0.639875 0.046875 0.060543
5 0.222656 0.559499 0.045312 0.058455
5 0.771094 0.337161 0.045312 0.060543
5 0.225781 0.335073 0.045312 0.060543
5 0.811719 0.639875 0.045312 0.060543
5 0.221875 0.719207 0.043750 0.056367
5 0.773438 0.561587 0.046875 0.058455
5 0.768750 0.961378 0.040625 0.022965
2 0.872656 0.789144 0.017188 0.029228
