5 0.22192998230457306 0.5625238418579102 0.04591770097613335 0.05983063578605652
5 0.22481556236743927 0.9467713832855225 0.04491462931036949 0.060045596212148666
5 0.7705479860305786 0.3397243022918701 0.04625825956463814 0.061358362436294556
5 0.7730872631072998 0.7232287526130676 0.046549417078495026 0.06015186756849289
5 0.22213171422481537 0.7223722338676453 0.04506106302142143 0.05878233537077904
5 0.2253795862197876 0.33781495690345764 0.044973231852054596 0.05882967263460159
5 0.18386399745941162 0.6434515118598938 0.04525713995099068 0.060181938111782074
5 0.7736741304397583 0.5641144514083862 0.046250440180301666 0.057384006679058075
5 0.8120277523994446 0.6438716053962708 0.04571232944726944 0.058826807886362076
2 0.4199356138706207 0.025255674496293068 0.012255764566361904 0.018817074596881866
5 0.7688234448432922 0.9641675353050232 0.040728189051151276 0.029813699424266815
