4 0.342969 0.884134 0.185938 0.231733
4 0.342969 0.703549 0.185938 0.108559
5 0.773438 0.721294 0.046875 0.060543
5 0.182812 0.638831 0.046875 0.062630
4 0.652344 0.706681 0.185938 0.106472
5 0.221875 0.719207 0.043750 0.056367
4 0.651563 0.885177 0.187500 0.229645
5 0.225781 0.944676 0.045312 0.060543
5 0.222656 0.559499 0.045312 0.058455
5 0.771094 0.336117 0.048438 0.062630
5 0.774219 0.561587 0.048438 0.058455
5 0.225781 0.334029 0.045312 0.058455
5 0.813281 0.639875 0.045312 0.060543
5 0.769531 0.953027 0.039062 0.043841
5 0.770312 0.960334 0.040625 0.025052
1 0.663281 0.517745 0.014063 0.020877
