4 0.3434425890445709 0.881213903427124 0.18669377267360687 0.23006227612495422
4 0.34377530217170715 0.7038915157318115 0.18563799560070038 0.10745003819465637
4 0.6523167490959167 0.7046047449111938 0.18596534430980682 0.10951440036296844
4 0.6525198817253113 0.8864044547080994 0.18875980377197266 0.22719107568264008
5 0.7737089991569519 0.7190372347831726 0.04727764055132866 0.05965249985456467
5 0.18438218533992767 0.6391327977180481 0.04573795944452286 0.059709712862968445
5 0.22573378682136536 0.33328965306282043 0.04548535495996475 0.057867445051670074
5 0.7720524072647095 0.335026353597641 0.046788789331912994 0.060213603079319
5 0.22569234669208527 0.9426051378250122 0.04458580166101456 0.06035153940320015
5 0.8133811950683594 0.6391533613204956 0.04588070139288902 0.06010905280709267
5 0.2227514237165451 0.7178711891174316 0.04353475570678711 0.05727391317486763
5 0.7740328907966614 0.5580942630767822 0.045458413660526276 0.06010586768388748
5 0.22256295382976532 0.5582155585289001 0.044089555740356445 0.05658698081970215
5 0.7698686718940735 0.9584200978279114 0.038404274731874466 0.049521684646606445
