5 0.22617951035499573 0.9469704031944275 0.0443117618560791 0.060627151280641556
5 0.7738655209541321 0.5626599192619324 0.04453868791460991 0.06015699729323387
5 0.77427738904953 0.7238869071006775 0.04768095165491104 0.061249226331710815
5 0.2261819839477539 0.33788904547691345 0.044946860522031784 0.05910930037498474
5 0.22265036404132843 0.7231219410896301 0.04522709921002388 0.060003165155649185
5 0.813511848449707 0.6438630819320679 0.046413421630859375 0.06034223735332489
5 0.7718969583511353 0.3403526544570923 0.04627399519085884 0.059718698263168335
5 0.18417273461818695 0.6432946920394897 0.04657707363367081 0.05912968888878822
5 0.22339363396167755 0.5629646182060242 0.044643402099609375 0.05875672399997711
5 0.7701613903045654 0.9636422991752625 0.04149627685546875 0.03000190109014511
