4 0.342751145362854 0.8844202160835266 0.1879391223192215 0.22940810024738312
4 0.3428818881511688 0.7073616981506348 0.18497048318386078 0.10635305941104889
4 0.6511802673339844 0.7071520686149597 0.18671265244483948 0.10705553740262985
5 0.22551710903644562 0.3377869129180908 0.045786093920469284 0.058515578508377075
4 0.6508991122245789 0.8861595392227173 0.18981991708278656 0.22768095135688782
5 0.1830655187368393 0.6425325274467468 0.04622168466448784 0.061319563537836075
5 0.22507403790950775 0.947066605091095 0.04430651664733887 0.06077725440263748
5 0.22220580279827118 0.5622552633285522 0.04425954818725586 0.059085600078105927
5 0.7732610702514648 0.561516284942627 0.04578361660242081 0.061373621225357056
5 0.7735108137130737 0.7230836749076843 0.04648256301879883 0.059675563126802444
5 0.22176866233348846 0.7219624519348145 0.04394984245300293 0.05875978246331215
5 0.8121868371963501 0.6416739821434021 0.046952247619628906 0.06337768584489822
5 0.7710973024368286 0.339313268661499 0.04700927808880806 0.06118175759911537
5 0.7692484259605408 0.9539744257926941 0.03971748426556587 0.04563441872596741
5 0.7690466046333313 0.9604009389877319 0.04044618830084801 0.029562167823314667
