5 0.7735037207603455 0.7216255068778992 0.047414399683475494 0.06180695444345474
5 0.22264769673347473 0.719916045665741 0.044637538492679596 0.05884069576859474
5 0.22578203678131104 0.9456049799919128 0.04537029191851616 0.06041588634252548
5 0.22235508263111115 0.5609046816825867 0.04612237215042114 0.06031009554862976
5 0.7739760279655457 0.5631921887397766 0.048262882977724075 0.05936385691165924
5 0.18393853306770325 0.6427921652793884 0.04581398889422417 0.062492482364177704
5 0.22543878853321075 0.3360917568206787 0.04606323316693306 0.05951736867427826
5 0.8131149411201477 0.6408030390739441 0.04638786241412163 0.06152293086051941
5 0.7709459662437439 0.33782532811164856 0.04722137376666069 0.06050718575716019
5 0.7690662741661072 0.9624512195587158 0.041519928723573685 0.024768423289060593
