5 0.7717987895011902 0.33639442920684814 0.04660224914550781 0.05967142432928085
5 0.22592344880104065 0.9430333375930786 0.04448261484503746 0.06029101461172104
5 0.7736612558364868 0.7188871502876282 0.04741840437054634 0.06010217219591141
5 0.22271834313869476 0.5595821738243103 0.04546405002474785 0.059491951018571854
5 0.8127493858337402 0.6393600702285767 0.04553089290857315 0.05976501479744911
5 0.22616319358348846 0.3346557021141052 0.0463719367980957 0.059886958450078964
5 0.18517258763313293 0.6395402550697327 0.044620562344789505 0.059458181262016296
5 0.2228081077337265 0.7183879017829895 0.04466729238629341 0.05850888788700104
5 0.7738391160964966 0.5611711740493774 0.0472143180668354 0.058364007622003555
5 0.7696549296379089 0.9607411623001099 0.04148979112505913 0.023944640532135963
1 0.6967074275016785 0.14131997525691986 0.012192917056381702 0.018953073769807816
1 0.745046079158783 0.10095275938510895 0.012952709570527077 0.020661786198616028
