5 0.22168980538845062 0.7205134034156799 0.044359829276800156 0.05803156644105911
5 0.22466392815113068 0.9455265998840332 0.04416313394904137 0.06008484587073326
5 0.7732653617858887 0.7220629453659058 0.047518160194158554 0.06216360628604889
5 0.18332378566265106 0.6411186456680298 0.045823097229003906 0.060161042958498
5 0.8124829530715942 0.6411660313606262 0.04710197448730469 0.06183969974517822
5 0.22515784204006195 0.3362189829349518 0.04558849334716797 0.05939804017543793
5 0.22177712619304657 0.5607046484947205 0.04506287723779678 0.05893164128065109
5 0.7714236378669739 0.3374961316585541 0.04696254804730415 0.06037982553243637
5 0.773223340511322 0.5603598952293396 0.04572591930627823 0.06088072061538696
5 0.768664538860321 0.9625325202941895 0.04064750671386719 0.025266261771321297
