4 0.342969 0.883090 0.185938 0.233820
4 0.342969 0.703549 0.185938 0.108559
4 0.652344 0.703549 0.185938 0.108559
4 0.651563 0.884134 0.187500 0.231733
5 0.225781 0.942589 0.045312 0.060543
5 0.183594 0.639875 0.045312 0.060543
5 0.221875 0.559499 0.043750 0.058455
5 0.221875 0.718163 0.043750 0.058455
5 0.773438 0.718163 0.046875 0.058455
5 0.225781 0.334029 0.045312 0.058455
5 0.771094 0.337161 0.045312 0.060543
5 0.811719 0.640919 0.045312 0.058455
5 0.773438 0.561587 0.046875 0.058455
5 0.769531 0.958246 0.039062 0.033403
