5 0.22243426740169525 0.5609496831893921 0.0447353832423687 0.05883597955107689
5 0.7735688090324402 0.7212904691696167 0.04739952087402344 0.06128987297415733
5 0.22564302384853363 0.9453908801078796 0.04510550573468208 0.06015288829803467
5 0.22255907952785492 0.720471203327179 0.04494976997375488 0.05882999300956726
5 0.7734677195549011 0.5619438290596008 0.046693991869688034 0.06087693199515343
5 0.7709746360778809 0.3386467695236206 0.046752262860536575 0.06202255189418793
5 0.18395493924617767 0.6416061520576477 0.04489336162805557 0.05810343101620674
5 0.22534623742103577 0.33652523159980774 0.0446292869746685 0.05989141762256622
5 0.8124133348464966 0.6420591473579407 0.04664745554327965 0.060879193246364594
5 0.7687447667121887 0.9617936611175537 0.04133491590619087 0.026744358241558075
1 0.35171377658843994 0.05982210114598274 0.015256739221513271 0.021004965528845787
