4 0.3428565263748169 0.8835399746894836 0.18725581467151642 0.23004239797592163
4 0.34417757391929626 0.7064346671104431 0.18499751389026642 0.10595779865980148
4 0.6516925692558289 0.704184889793396 0.18656273186206818 0.10700049251317978
5 0.7736644148826599 0.7203873991966248 0.04698944091796875 0.060372307896614075
5 0.22227469086647034 0.7197280526161194 0.04408273845911026 0.05873735621571541
5 0.18267227709293365 0.639796793460846 0.04697692394256592 0.06161951646208763
5 0.22527311742305756 0.33564895391464233 0.04618420824408531 0.05862216651439667
5 0.7712517976760864 0.33737048506736755 0.046997833997011185 0.060553502291440964
4 0.6512498259544373 0.8842390179634094 0.18831196427345276 0.23152202367782593
5 0.2222018986940384 0.5600085854530334 0.045832302421331406 0.06086606904864311
5 0.812530517578125 0.6395441293716431 0.047417499125003815 0.06387029588222504
5 0.7727096080780029 0.5596609711647034 0.045868780463933945 0.06065531075000763
5 0.22535215318202972 0.9449501037597656 0.04446420818567276 0.061347596347332
5 0.7695187926292419 0.953216016292572 0.039087485522031784 0.04374908283352852
5 0.7692824602127075 0.9603188633918762 0.0398406982421875 0.02672702819108963
