5 0.8122045397758484 0.6417175531387329 0.047461893409490585 0.06271139532327652
5 0.22173209488391876 0.7207783460617065 0.04438943788409233 0.05889943614602089
5 0.22441606223583221 0.9461688995361328 0.044104672968387604 0.06051820516586304
5 0.7735165953636169 0.7220364809036255 0.04736614227294922 0.06140723079442978
5 0.1834396868944168 0.6410799026489258 0.04555373266339302 0.05938861146569252
5 0.22518110275268555 0.3370172679424286 0.04546318203210831 0.05937841534614563
5 0.22214703261852264 0.5611894130706787 0.043944742530584335 0.05829035863280296
5 0.7729336619377136 0.5610281229019165 0.04538841173052788 0.06110676750540733
5 0.7713353037834167 0.33807405829429626 0.04679412767291069 0.06158727779984474
5 0.768368124961853 0.9625739455223083 0.0411251075565815 0.026111962273716927
