5 0.22231267392635345 0.5614098310470581 0.04470548778772354 0.05732016637921333
5 0.22520463168621063 0.9460608959197998 0.04488721117377281 0.060295600444078445
5 0.7732937932014465 0.7228268980979919 0.04691200330853462 0.06080413982272148
5 0.7734034657478333 0.5627180933952332 0.04614658281207085 0.06021685153245926
5 0.22541776299476624 0.33767321705818176 0.04501352459192276 0.05928845703601837
5 0.22216796875 0.7215631604194641 0.04492615535855293 0.058686770498752594
5 0.7711145281791687 0.33869409561157227 0.04662761837244034 0.061105113476514816
5 0.8117956519126892 0.6423642039299011 0.046579696238040924 0.06144341826438904
5 0.18377096951007843 0.6425298452377319 0.044135142117738724 0.05864217132329941
5 0.7681655287742615 0.9618295431137085 0.04020586237311363 0.026773665100336075
