5 0.22277680039405823 0.7188142538070679 0.04509162902832031 0.05839063972234726
5 0.7737864851951599 0.7193135023117065 0.04778289794921875 0.061110083013772964
5 0.22570715844631195 0.9442402124404907 0.045116424560546875 0.06039600819349289
5 0.8132999539375305 0.639651894569397 0.04708056524395943 0.06057032197713852
5 0.2225647270679474 0.5587974190711975 0.044302940368652344 0.056912798434495926
5 0.183794304728508 0.6395804286003113 0.045488741248846054 0.05893702805042267
5 0.7726722955703735 0.33608493208885193 0.0477169044315815 0.061003427952528
5 0.22549934685230255 0.3341038227081299 0.04552717134356499 0.059267558157444
5 0.7740305066108704 0.5593041777610779 0.04623432084918022 0.05915721133351326
5 0.7696523070335388 0.9613192677497864 0.04097423702478409 0.02428765967488289
