4 0.342187 0.884134 0.187500 0.231733
4 0.343750 0.705637 0.184375 0.108559
5 0.772656 0.721294 0.048438 0.060543
4 0.650000 0.704593 0.187500 0.106472
5 0.221875 0.720251 0.043750 0.058455
5 0.225000 0.944676 0.043750 0.060543
5 0.221094 0.560543 0.045312 0.060543
5 0.772656 0.562630 0.048438 0.060543
5 0.224219 0.337161 0.045312 0.060543
5 0.184375 0.640919 0.043750 0.058455
5 0.770312 0.338205 0.046875 0.062630
5 0.811719 0.640919 0.045312 0.062630
4 0.650000 0.884134 0.187500 0.231733
5 0.768750 0.960334 0.040625 0.029228
