5 0.7727441191673279 0.7211153507232666 0.047180939465761185 0.06081216782331467
5 0.22183990478515625 0.5612871050834656 0.046393778175115585 0.05982792750000954
5 0.2246342897415161 0.9453300833702087 0.04464760050177574 0.05964396521449089
5 0.22192831337451935 0.7206276655197144 0.04472661018371582 0.058798644691705704
5 0.22499962151050568 0.33655014634132385 0.04562845453619957 0.05938822776079178
5 0.7738518714904785 0.5635800361633301 0.04794798046350479 0.05832109972834587
5 0.7707836031913757 0.33854761719703674 0.04697532579302788 0.06139703467488289
5 0.8118071556091309 0.6409675478935242 0.046532440930604935 0.06146329641342163
5 0.18442773818969727 0.6427353620529175 0.04387965425848961 0.06049667298793793
5 0.7683498859405518 0.9619117379188538 0.04118185117840767 0.025543786585330963
