5 0.22600308060646057 0.9466339945793152 0.04409174993634224 0.0604248046875
5 0.7737115025520325 0.7232341170310974 0.04669446870684624 0.060053370893001556
5 0.22317521274089813 0.5625125765800476 0.04615449905395508 0.06116257980465889
5 0.7745028734207153 0.5639532804489136 0.048189640045166016 0.05780551955103874
5 0.22294215857982635 0.7219902873039246 0.04509758949279785 0.05918639153242111
5 0.18492485582828522 0.6431593298912048 0.045012641698122025 0.06184606999158859
5 0.7717601656913757 0.3403173089027405 0.047068025916814804 0.06138964742422104
5 0.22650770843029022 0.33799049258232117 0.04581117630004883 0.059605419635772705
5 0.8132913708686829 0.6429682970046997 0.0461641326546669 0.061406467109918594
5 0.7698030471801758 0.9627432227134705 0.04154987260699272 0.027433201670646667
