5 0.7736595869064331 0.7205445766448975 0.0467524528503418 0.060410916805267334
5 0.2221873253583908 0.719595193862915 0.044394351541996 0.05869365110993385
5 0.22553013265132904 0.9449130296707153 0.04496955871582031 0.06090085580945015
5 0.2255450338125229 0.3360126316547394 0.04552130773663521 0.05840758606791496
5 0.18431603908538818 0.6418641805648804 0.046358682215213776 0.062490060925483704
5 0.22190392017364502 0.5606265664100647 0.04627981409430504 0.06035102903842926
5 0.7738791108131409 0.5623878836631775 0.0474889762699604 0.05883648991584778
5 0.7707659602165222 0.3376180827617645 0.04659299924969673 0.061839062720537186
5 0.8121601343154907 0.6401960849761963 0.047420550137758255 0.06264984607696533
5 0.7687064409255981 0.9619889855384827 0.04167976602911949 0.024006567895412445
