5 0.2246144562959671 0.947686493396759 0.04424595832824707 0.06035319343209267
5 0.22221191227436066 0.5627943277359009 0.04316411167383194 0.057835813611745834
5 0.18326716125011444 0.6434437036514282 0.04628009721636772 0.06059020012617111
5 0.7732946276664734 0.7242026329040527 0.04776821285486221 0.06200534850358963
5 0.8119665384292603 0.6432033181190491 0.04655342176556587 0.06091015785932541
5 0.7729167342185974 0.5625317692756653 0.0452386848628521 0.06087355315685272
5 0.22166787087917328 0.7232035398483276 0.04450787231326103 0.058371271938085556
5 0.7712376713752747 0.33993661403656006 0.04705333709716797 0.06090499460697174
5 0.2249329537153244 0.33898234367370605 0.04561224207282066 0.060682643204927444
5 0.7683591246604919 0.9634448885917664 0.040848542004823685 0.02746964432299137
2 0.9187318682670593 0.9806904792785645 0.012994385324418545 0.018844954669475555
