5 0.773242175579071 0.5632314085960388 0.045272063463926315 0.05951733887195587
5 0.22566285729408264 0.9468064308166504 0.044399358332157135 0.05975889787077904
5 0.7735263705253601 0.7229282855987549 0.04687995836138725 0.05990670621395111
5 0.22253504395484924 0.7218313217163086 0.04485664516687393 0.057849351316690445
5 0.813292920589447 0.6425158381462097 0.04623293876647949 0.06170717999339104
5 0.22574619948863983 0.33722034096717834 0.045351602137088776 0.058967478573322296
5 0.2221812754869461 0.5625050067901611 0.0449797622859478 0.05911605432629585
5 0.7716180086135864 0.3390768766403198 0.04659004136919975 0.060308787971735
5 0.1833162158727646 0.6417433619499207 0.04593172296881676 0.058846939355134964
5 0.7694827318191528 0.9622689485549927 0.04116783291101456 0.026850882917642593
