5 0.1825791448354721 0.6412924528121948 0.04753370210528374 0.06239806488156319
5 0.8124456405639648 0.6418665647506714 0.04811382293701172 0.06384940445423126
5 0.22496266663074493 0.9471743702888489 0.0443115234375 0.06081242486834526
5 0.22169815003871918 0.7220456004142761 0.04468449577689171 0.058712124824523926
5 0.22523830831050873 0.3374367356300354 0.04545598104596138 0.059899892657995224
5 0.7733290791511536 0.7230978608131409 0.04768772050738335 0.06039728224277496
5 0.7730678915977478 0.5615307688713074 0.045821379870176315 0.06151910498738289
5 0.7714795470237732 0.33908969163894653 0.04752769693732262 0.06237531825900078
5 0.22207365930080414 0.5618746876716614 0.045680511742830276 0.06096494942903519
5 0.768828809261322 0.962541401386261 0.041800498962402344 0.025835838168859482
