4 0.343750 0.884134 0.187500 0.231733
4 0.342969 0.706681 0.185938 0.106472
5 0.773438 0.721294 0.046875 0.060543
5 0.183594 0.640919 0.045312 0.058455
4 0.651563 0.706681 0.187500 0.106472
5 0.222656 0.720251 0.045312 0.058455
5 0.773438 0.562630 0.046875 0.060543
5 0.222656 0.560543 0.045312 0.060543
5 0.225781 0.944676 0.045312 0.060543
5 0.770312 0.338205 0.046875 0.062630
5 0.225781 0.337161 0.045312 0.060543
5 0.812500 0.641962 0.046875 0.060543
4 0.651563 0.887265 0.190625 0.225470
5 0.769531 0.955115 0.039062 0.043841
5 0.769531 0.960334 0.039062 0.033403
3 0.421875 0.756785 0.021875 0.043841
1 0.292969 0.713987 0.014063 0.012526
1 0.644531 0.764092 0.017188 0.025052
1 0.182812 0.491649 0.015625 0.018789
