5 0.7724812626838684 0.7208592295646667 0.04742393642663956 0.06034911796450615
5 0.22195474803447723 0.7200713157653809 0.044472504407167435 0.058892302215099335
5 0.22480408847332 0.9448061585426331 0.04446759447455406 0.060401614755392075
5 0.22166775166988373 0.5610571503639221 0.04673485830426216 0.060249216854572296
5 0.7730811238288879 0.5626657605171204 0.04795513302087784 0.05858929082751274
5 0.22493575513362885 0.33639413118362427 0.045972585678100586 0.05953603610396385
5 0.8111467361450195 0.6413291692733765 0.04574093967676163 0.05993601679801941
5 0.7702557444572449 0.3380778729915619 0.04689617082476616 0.060096822679042816
5 0.18444636464118958 0.6422592997550964 0.04472513124346733 0.063017338514328
1 0.240029975771904 0.23653315007686615 0.03382134437561035 0.05852341279387474
5 0.768111526966095 0.9632956981658936 0.04122600704431534 0.028097324073314667
