4 0.343750 0.883090 0.187500 0.229645
4 0.344531 0.706681 0.185938 0.106472
5 0.775000 0.720251 0.046875 0.058455
4 0.652344 0.704593 0.185938 0.106472
5 0.223438 0.720251 0.043750 0.058455
5 0.184375 0.641962 0.046875 0.060543
5 0.814063 0.640919 0.046875 0.062630
5 0.225781 0.944676 0.045312 0.060543
4 0.652344 0.884134 0.189062 0.231733
5 0.225781 0.336117 0.045312 0.058455
5 0.773438 0.336117 0.046875 0.062630
5 0.223438 0.559499 0.043750 0.058455
5 0.774219 0.560543 0.045312 0.060543
5 0.767969 0.958246 0.042188 0.045929
2 0.975000 0.866388 0.015625 0.020877
1 0.771875 0.973904 0.015625 0.022965
