5 0.7735890746116638 0.719226598739624 0.047027017921209335 0.05989345535635948
5 0.2217392921447754 0.5594562888145447 0.04544654116034508 0.05858789011836052
5 0.22559137642383575 0.9437355399131775 0.044732190668582916 0.06030094996094704
5 0.7710646986961365 0.3367072343826294 0.04662799835205078 0.060249026864767075
5 0.18432298302650452 0.6401122212409973 0.04487805441021919 0.06023826077580452
5 0.7738484740257263 0.5615068078041077 0.047463130205869675 0.05813095346093178
5 0.2224605828523636 0.7183828949928284 0.04434027895331383 0.05797906592488289
5 0.8122458457946777 0.6400437355041504 0.04649066925048828 0.05958585813641548
5 0.22546692192554474 0.33420825004577637 0.045140888541936874 0.0591554269194603
5 0.7685546875 0.9607659578323364 0.04155559465289116 0.023915715515613556
