5 0.224714994430542 0.9475733637809753 0.04452104493975639 0.05964090675115585
5 0.7726249694824219 0.7241697907447815 0.04702959209680557 0.06211875379085541
5 0.22158072888851166 0.5636844635009766 0.04564652591943741 0.058627136051654816
5 0.22189104557037354 0.7231675982475281 0.0448424331843853 0.05950354412198067
5 0.7728648781776428 0.564784586429596 0.04555092006921768 0.05819683149456978
5 0.770419716835022 0.3410329222679138 0.04642944410443306 0.06053770333528519
5 0.811557412147522 0.643302321434021 0.04654750972986221 0.061327844858169556
5 0.22481584548950195 0.3386826515197754 0.04541473463177681 0.06066601723432541
5 0.18408261239528656 0.6444655656814575 0.044442273676395416 0.059419192373752594
5 0.7684791684150696 0.9627352356910706 0.04076671600341797 0.028285017237067223
