4 0.342969 0.883090 0.185938 0.229645
4 0.342969 0.704593 0.185938 0.110647
5 0.773438 0.720251 0.046875 0.058455
4 0.651563 0.885177 0.187500 0.229645
5 0.221875 0.719207 0.043750 0.056367
4 0.652344 0.706681 0.185938 0.106472
5 0.183594 0.639875 0.045312 0.060543
5 0.225781 0.944676 0.045312 0.060543
5 0.771875 0.336117 0.046875 0.062630
5 0.225781 0.335073 0.045312 0.060543
5 0.774219 0.559499 0.045312 0.058455
5 0.222656 0.559499 0.045312 0.058455
5 0.814063 0.640919 0.046875 0.062630
5 0.769531 0.953027 0.039062 0.043841
5 0.770312 0.959290 0.040625 0.027140
1 0.178906 0.515658 0.014063 0.029228
