4 0.3429475426673889 0.8845192193984985 0.18706560134887695 0.23071926832199097
4 0.34328776597976685 0.7056689858436584 0.18566285073757172 0.10918284952640533
4 0.6518552303314209 0.7042175531387329 0.18652772903442383 0.10745551437139511
5 0.7736284136772156 0.7209802269935608 0.0468597412109375 0.06057937070727348
5 0.22258996963500977 0.7197098731994629 0.04392814636230469 0.057992320507764816
5 0.2256767749786377 0.3355826437473297 0.044767189770936966 0.058414340019226074
5 0.18393419682979584 0.6410288214683533 0.04583616182208061 0.0590478852391243
5 0.22562456130981445 0.9442505836486816 0.0439542792737484 0.06052190065383911
5 0.2222454994916916 0.5593206286430359 0.044354915618896484 0.05762699991464615
5 0.7714459300041199 0.3377314805984497 0.04709606245160103 0.06236773729324341
5 0.8128229379653931 0.6402119398117065 0.04604649543762207 0.062285166233778
5 0.773834228515625 0.5613691210746765 0.04731731489300728 0.060001030564308167
4 0.6518051028251648 0.8847276568412781 0.18938465416431427 0.23054464161396027
5 0.7697024345397949 0.9586874842643738 0.039614107459783554 0.0491846539080143
