5 0.7736307978630066 0.7198972105979919 0.0473601333796978 0.06139448657631874
5 0.1833515614271164 0.639721691608429 0.04631767421960831 0.060442645102739334
5 0.8118534088134766 0.6395063996315002 0.04714474827051163 0.0619385801255703
5 0.22448940575122833 0.9439031481742859 0.04469642788171768 0.060226283967494965
5 0.7710241675376892 0.3357715904712677 0.046897124499082565 0.06126464530825615
5 0.2215365618467331 0.7185537815093994 0.044197943061590195 0.058409370481967926
5 0.22478771209716797 0.33442234992980957 0.045342158526182175 0.058868344873189926
5 0.7730386257171631 0.5594950914382935 0.045583631843328476 0.059601787477731705
5 0.22159643471240997 0.5588125586509705 0.04395127296447754 0.057222720235586166
5 0.7682183980941772 0.9615431427955627 0.04131193086504936 0.023342443630099297
