5 0.7726835012435913 0.7220237255096436 0.04689502716064453 0.06131191924214363
5 0.2244424670934677 0.9456952810287476 0.04450850561261177 0.06039193272590637
5 0.22132447361946106 0.5615516901016235 0.04631414636969566 0.06021417677402496
5 0.18381543457508087 0.6422945857048035 0.045601796358823776 0.062416158616542816
5 0.8115846514701843 0.642496645450592 0.04643592983484268 0.0585864894092083
5 0.2215563803911209 0.7213647961616516 0.0450078509747982 0.05881355330348015
5 0.7703525424003601 0.3390220105648041 0.04693126678466797 0.06080184876918793
5 0.2248791754245758 0.33733636140823364 0.04559135437011719 0.06107090041041374
5 0.7732129096984863 0.5641475319862366 0.047093965113162994 0.05812101438641548
5 0.7688388228416443 0.9643850326538086 0.0403141975402832 0.031644370406866074
5 0.7686049342155457 0.9566762447357178 0.039186954498291016 0.0473535992205143
