5 0.1837867647409439 0.6421858072280884 0.04744422435760498 0.06097272038459778
5 0.22289982438087463 0.5617303848266602 0.045735884457826614 0.06011670082807541
5 0.22612476348876953 0.9467047452926636 0.04460172727704048 0.06053706631064415
5 0.22289715707302094 0.7220929265022278 0.044633056968450546 0.05886337533593178
5 0.2262919396162033 0.3371922969818115 0.045989226549863815 0.059496790170669556
5 0.8136963248252869 0.6421610713005066 0.04714794084429741 0.06176171824336052
5 0.7746931910514832 0.7230673432350159 0.046804238110780716 0.06050049513578415
5 0.7727298736572266 0.3389514088630676 0.047492027282714844 0.06224273517727852
5 0.7746635675430298 0.5617261528968811 0.04564075544476509 0.0608794167637825
5 0.7698034644126892 0.9625692963600159 0.04167337343096733 0.026261428371071815
