4 0.3429408073425293 0.8830224871635437 0.18659554421901703 0.2314700335264206
4 0.3431103825569153 0.7040150165557861 0.18573932349681854 0.1083718091249466
4 0.6517112851142883 0.7064446806907654 0.18561993539333344 0.10732898861169815
5 0.7735627293586731 0.7198264598846436 0.04677734524011612 0.06034402176737785
5 0.18322604894638062 0.639210045337677 0.04595639929175377 0.060429904609918594
5 0.22565500438213348 0.9439469575881958 0.04490966722369194 0.060853708535432816
4 0.6519452333450317 0.885711133480072 0.18799524009227753 0.22857780754566193
5 0.7716425061225891 0.3359434902667999 0.046981241554021835 0.060588289052248
5 0.2255830317735672 0.33397820591926575 0.04477071762084961 0.05757182836532593
5 0.8130861520767212 0.6386768817901611 0.04623904451727867 0.06285257637500763
5 0.22246089577674866 0.7185148000717163 0.044458579272031784 0.05745026469230652
5 0.7732700705528259 0.5588082075119019 0.04595832899212837 0.059904444962739944
5 0.22264884412288666 0.5591551661491394 0.04463319852948189 0.05861971527338028
5 0.7699486613273621 0.9527660608291626 0.038663484156131744 0.04309948533773422
5 0.7696609497070312 0.9598755240440369 0.03966674953699112 0.026041751727461815
