5 0.7737712264060974 0.7207646369934082 0.04734211042523384 0.06076642498373985
5 0.22267477214336395 0.7193005084991455 0.044563960283994675 0.05829163268208504
5 0.18349429965019226 0.6408665776252747 0.04603235796093941 0.06008344143629074
5 0.2226976454257965 0.559785008430481 0.0447266586124897 0.05887700989842415
5 0.8125945329666138 0.6403276324272156 0.046256065368652344 0.06123826652765274
5 0.2255944311618805 0.9448223114013672 0.044992923736572266 0.06086849048733711
5 0.7717159390449524 0.33683550357818604 0.047425270080566406 0.06140429899096489
5 0.2255934774875641 0.3355526328086853 0.045472193509340286 0.05847881734371185
5 0.7731170058250427 0.5601412653923035 0.04653177410364151 0.060047000646591187
5 0.7696906924247742 0.9619102478027344 0.040732480585575104 0.02560596913099289
