5 0.7735514640808105 0.7218412756919861 0.04795246198773384 0.06244419142603874
5 0.22241763770580292 0.5611249804496765 0.04497075080871582 0.05888669565320015
5 0.22278307378292084 0.7210086584091187 0.044736433774232864 0.05835802108049393
5 0.18412402272224426 0.6409518718719482 0.04774165153503418 0.06012358143925667
5 0.8131322264671326 0.6420053839683533 0.04582805559039116 0.06118194758892059
5 0.22552704811096191 0.9459053874015808 0.04491453245282173 0.060783371329307556
5 0.7740163207054138 0.5619294047355652 0.04682273790240288 0.06103605031967163
5 0.22550812363624573 0.3368063271045685 0.04522867128252983 0.05994518846273422
5 0.7719644904136658 0.33838528394699097 0.04774141311645508 0.06314679235219955
5 0.7702809572219849 0.9634268283843994 0.041635703295469284 0.030503179877996445
5 0.7703717350959778 0.9556395411491394 0.04030017927289009 0.047226812690496445
