5 0.8128342032432556 0.6385533809661865 0.0460052490234375 0.060639638453722
5 0.1838526427745819 0.6392585635185242 0.046538617461919785 0.05901118740439415
5 0.22585220634937286 0.9428700804710388 0.04483909532427788 0.059859562665224075
5 0.22261357307434082 0.5581938624382019 0.04436654970049858 0.05753117799758911
5 0.22561918199062347 0.3333623707294464 0.045514918863773346 0.05772855505347252
5 0.7717215418815613 0.33533626794815063 0.04735555872321129 0.06106943264603615
5 0.7733938097953796 0.7187805771827698 0.04786043241620064 0.060308851301670074
5 0.22287526726722717 0.7175845503807068 0.04506340250372887 0.05894811078906059
5 0.7734608054161072 0.5586178302764893 0.04668064042925835 0.05940976366400719
5 0.7690918445587158 0.9616792798042297 0.040120791643857956 0.026184847578406334
