5 0.22303448617458344 0.561614990234375 0.04395284876227379 0.05755322426557541
5 0.2256186306476593 0.9467337727546692 0.04503665119409561 0.06048545986413956
5 0.1830681413412094 0.6426852941513062 0.046282339841127396 0.059609051793813705
5 0.7735257148742676 0.7231307625770569 0.046972084790468216 0.06017684191465378
5 0.7731227874755859 0.5618339776992798 0.04634552076458931 0.06090700253844261
5 0.8126459121704102 0.6423662900924683 0.04607868194580078 0.06123291701078415
5 0.2255002111196518 0.3376156687736511 0.045644666999578476 0.05884859710931778
5 0.2224133014678955 0.7219354510307312 0.04545222595334053 0.05950583890080452
5 0.7713243365287781 0.33858561515808105 0.04750804975628853 0.0617310106754303
5 0.7688218355178833 0.962297260761261 0.040144920349121094 0.02550836279988289
