5 0.2228810042142868 0.5623580813407898 0.043267298489809036 0.056589275598526
5 0.22533102333545685 0.9468437433242798 0.04483809694647789 0.060313183814287186
5 0.773392915725708 0.7233744263648987 0.047393132001161575 0.06076808273792267
5 0.18312571942806244 0.6430895924568176 0.04554805904626846 0.05845103785395622
5 0.7734115719795227 0.5624129772186279 0.04624023661017418 0.06065913662314415
5 0.22547142207622528 0.33810681104660034 0.04548468813300133 0.05923863500356674
5 0.22228673100471497 0.7228760719299316 0.04492387920618057 0.05886363238096237
5 0.813283383846283 0.6424011588096619 0.0466497428715229 0.061380598694086075
5 0.7716439962387085 0.339542418718338 0.047686196863651276 0.06160116568207741
5 0.769214928150177 0.9631170630455017 0.04107780382037163 0.027305524796247482
