5 0.7727615237236023 0.5626373291015625 0.046351052820682526 0.060949020087718964
5 0.1829967498779297 0.6421595215797424 0.04671678692102432 0.06067085638642311
5 0.7722744345664978 0.723328709602356 0.047640230506658554 0.061681315302848816
5 0.22462058067321777 0.94627445936203 0.044030189514160156 0.061347849667072296
5 0.2212197333574295 0.5616722702980042 0.04438943788409233 0.058206260204315186
5 0.22125878930091858 0.7212017178535461 0.04455304145812988 0.05906699597835541
5 0.7703153491020203 0.3392906188964844 0.047205545008182526 0.06270693242549896
5 0.8115364909172058 0.6423179507255554 0.046306610107421875 0.06228899210691452
5 0.22446055710315704 0.3381059765815735 0.04554891586303711 0.061272673308849335
5 0.7683791518211365 0.9622219204902649 0.041660308837890625 0.027606239542365074
