5 0.7737318277359009 0.7192911505699158 0.04752836376428604 0.06110626086592674
5 0.8133675456047058 0.6382487416267395 0.04650859907269478 0.061442017555236816
5 0.18367962539196014 0.6395183801651001 0.046630144119262695 0.059965066611766815
5 0.22574405372142792 0.9434557557106018 0.04552183300256729 0.06091690808534622
5 0.22555814683437347 0.3333967626094818 0.04518013074994087 0.0588623583316803
5 0.7719348073005676 0.33602187037467957 0.04677123948931694 0.05988186225295067
5 0.22280071675777435 0.5584033131599426 0.04440364986658096 0.05728283151984215
5 0.22284233570098877 0.7180392146110535 0.04455761983990669 0.05788477510213852
5 0.7732884287834167 0.5585120916366577 0.04593544080853462 0.0603296235203743
5 0.7693552374839783 0.9611755609512329 0.04151153564453125 0.024405397474765778
