5 0.7741155028343201 0.7201694846153259 0.047429658472537994 0.060529548674821854
5 0.18359576165676117 0.6397526860237122 0.0474584586918354 0.06216105818748474
5 0.22261300683021545 0.7190821766853333 0.04392252117395401 0.057351768016815186
5 0.22586499154567719 0.9444933533668518 0.04488649591803551 0.06129764765501022
5 0.7723276019096375 0.33666348457336426 0.04642124101519585 0.061384931206703186
5 0.8134207725524902 0.6401494741439819 0.04730186611413956 0.06164295971393585
5 0.22597502171993256 0.3345148265361786 0.0455169677734375 0.058810051530599594
5 0.22261694073677063 0.5601925253868103 0.04527344927191734 0.05932579189538956
5 0.7741791009902954 0.558986246585846 0.04597778245806694 0.05988708510994911
5 0.7698221802711487 0.9613435864448547 0.041484929621219635 0.025449877604842186
