5 0.22266483306884766 0.5610958337783813 0.04392118379473686 0.05838363245129585
5 0.7737113237380981 0.7221502661705017 0.0478031150996685 0.061240050941705704
5 0.22203242778778076 0.7209916114807129 0.04459867626428604 0.058319538831710815
5 0.22564421594142914 0.94586580991745 0.04463310167193413 0.05994467809796333
5 0.18308329582214355 0.6414982080459595 0.04603094980120659 0.06047271564602852
5 0.8131476640701294 0.6408010125160217 0.04748687893152237 0.06325612217187881
5 0.22516565024852753 0.3365088999271393 0.04614725336432457 0.059633005410432816
5 0.7731874585151672 0.560695230960846 0.046485137194395065 0.061027638614177704
5 0.7716162800788879 0.33790042996406555 0.04740447923541069 0.06209428980946541
5 0.7695786356925964 0.9644439220428467 0.038749027997255325 0.03069966472685337
5 0.7693367004394531 0.9571943879127502 0.037618257105350494 0.04709658771753311
1 0.40305009484291077 0.28472447395324707 0.014532661996781826 0.02417909726500511
