4 0.34416815638542175 0.8854942321777344 0.1879280060529709 0.22901155054569244
4 0.34452301263809204 0.7084229588508606 0.1864764243364334 0.10729394853115082
4 0.6527814269065857 0.7072489261627197 0.18624992668628693 0.10627635568380356
5 0.774193286895752 0.7225521802902222 0.04641323164105415 0.059243094176054
5 0.22599057853221893 0.9461749196052551 0.043207790702581406 0.059819553047418594
5 0.813083827495575 0.6426361203193665 0.045856524258852005 0.060034383088350296
5 0.22286267578601837 0.7217921614646912 0.04346008226275444 0.05834680795669556
5 0.22648973762989044 0.337894469499588 0.046422481536865234 0.059030044823884964
5 0.18522429466247559 0.6430876851081848 0.04447765275835991 0.06111212074756622
4 0.652847170829773 0.8858491778373718 0.1885204315185547 0.22830168902873993
5 0.2230195552110672 0.5622382164001465 0.045896150171756744 0.06126910448074341
5 0.7748597264289856 0.5643764138221741 0.04736604914069176 0.05814879387617111
5 0.7714059948921204 0.3403620719909668 0.047762490808963776 0.059963155537843704
5 0.7705127000808716 0.9546849727630615 0.039490509778261185 0.044135682284832
5 0.770358681678772 0.9607536792755127 0.040219496935606 0.028827708214521408
