5 0.18311922252178192 0.6394907236099243 0.04724011570215225 0.061878181993961334
5 0.7738982439041138 0.7203062176704407 0.04753484949469566 0.06106089800596237
5 0.22573713958263397 0.9445772171020508 0.045301247388124466 0.06015441566705704
5 0.8133181929588318 0.6394364237785339 0.047161102294921875 0.062429919838905334
5 0.7724100947380066 0.33633652329444885 0.047103025019168854 0.061641305685043335
5 0.22286343574523926 0.7184222340583801 0.0448092482984066 0.05737355723977089
5 0.22240383923053741 0.559899628162384 0.0459684394299984 0.059636954218149185
5 0.22563467919826508 0.3345135748386383 0.04559173807501793 0.05887318775057793
5 0.7739366292953491 0.5590954422950745 0.04644432291388512 0.05996503680944443
5 0.7695433497428894 0.9616329073905945 0.04189911112189293 0.025776969268918037
