5 0.223438 0.720251 0.043750 0.058455
5 0.222656 0.561587 0.045312 0.058455
5 0.775000 0.721294 0.046875 0.060543
5 0.185156 0.641962 0.045312 0.060543
5 0.225781 0.946764 0.045312 0.060543
5 0.225781 0.336117 0.045312 0.058455
5 0.773438 0.338205 0.046875 0.062630
5 0.813281 0.641962 0.045312 0.060543
5 0.775000 0.560543 0.043750 0.060543
5 0.768750 0.962422 0.040625 0.025052
2 0.919531 0.725470 0.010937 0.014614
2 0.970313 0.427975 0.015625 0.020877
2 0.881250 0.898747 0.021875 0.018789
2 0.934375 0.975992 0.018750 0.018789
2 0.845313 0.988518 0.012500 0.018789
