4 0.343750 0.885177 0.187500 0.229645
4 0.344531 0.705637 0.185938 0.108559
5 0.773438 0.721294 0.046875 0.060543
4 0.651563 0.703549 0.187500 0.108559
5 0.221875 0.720251 0.043750 0.058455
5 0.185156 0.640919 0.045312 0.058455
5 0.225781 0.944676 0.045312 0.060543
5 0.225781 0.336117 0.045312 0.058455
5 0.773438 0.560543 0.046875 0.060543
5 0.222656 0.559499 0.045312 0.058455
5 0.771875 0.337161 0.046875 0.060543
5 0.813281 0.638831 0.045312 0.062630
4 0.651563 0.884134 0.187500 0.231733
5 0.769531 0.960334 0.039062 0.029228
