4 0.342187 0.885177 0.187500 0.229645
4 0.342969 0.705637 0.185938 0.108559
5 0.225000 0.946764 0.043750 0.060543
5 0.773438 0.722338 0.046875 0.062630
5 0.221875 0.561587 0.043750 0.058455
5 0.221875 0.720251 0.043750 0.058455
5 0.183594 0.640919 0.045312 0.058455
5 0.771094 0.338205 0.045312 0.062630
5 0.812500 0.641962 0.046875 0.060543
5 0.772656 0.561587 0.045312 0.058455
5 0.225781 0.336117 0.045312 0.058455
4 0.650781 0.708768 0.185938 0.106472
4 0.650781 0.886221 0.189062 0.227557
1 0.347656 0.477035 0.017188 0.031315
5 0.770312 0.959290 0.040625 0.035491
