5 0.7731574177742004 0.7209861278533936 0.04731273651123047 0.05993219092488289
5 0.22159314155578613 0.7202480435371399 0.044408656656742096 0.05973583459854126
5 0.8122811317443848 0.6405633687973022 0.047409821301698685 0.06140723079442978
5 0.22155101597309113 0.5603750348091125 0.04487891122698784 0.05810215696692467
5 0.22439999878406525 0.9450539350509644 0.044167615473270416 0.05993996560573578
5 0.7733850479125977 0.5611254572868347 0.046273138374090195 0.06055528670549393
5 0.22515392303466797 0.335688054561615 0.04564056545495987 0.05880042910575867
5 0.18352475762367249 0.6412181854248047 0.044594909995794296 0.058930400758981705
5 0.7707549929618835 0.33851325511932373 0.046666909009218216 0.062160611152648926
5 0.76819908618927 0.9617907404899597 0.040200233459472656 0.026059845462441444
