4 0.343750 0.885177 0.187500 0.229645
4 0.342969 0.707724 0.185938 0.108559
4 0.652344 0.706681 0.185938 0.106472
5 0.222656 0.560543 0.045312 0.056367
5 0.773438 0.723382 0.046875 0.060543
5 0.773438 0.562630 0.046875 0.060543
5 0.225781 0.338205 0.045312 0.058455
5 0.221875 0.721294 0.043750 0.056367
5 0.183594 0.643006 0.045312 0.058455
5 0.225781 0.946764 0.045312 0.060543
5 0.771875 0.339248 0.046875 0.060543
4 0.651563 0.886221 0.190625 0.227557
5 0.813281 0.641962 0.045312 0.060543
5 0.769531 0.955115 0.039062 0.048017
1 0.636719 0.518789 0.007812 0.014614
