5 0.18250735104084015 0.6415385007858276 0.047660019248723984 0.06166984513401985
5 0.22569489479064941 0.9470984935760498 0.04509754106402397 0.060697488486766815
5 0.7736653685569763 0.7228437066078186 0.04755115509033203 0.06005120277404785
5 0.22263240814208984 0.5619728565216064 0.04522361978888512 0.060333095490932465
5 0.2223513424396515 0.7220761179924011 0.04506273195147514 0.05936503782868385
5 0.8135814666748047 0.6426027417182922 0.04702763631939888 0.061936285346746445
5 0.22547411918640137 0.3376121520996094 0.04582367092370987 0.05955757200717926
5 0.7739474177360535 0.5618458390235901 0.0461915023624897 0.061191853135824203
5 0.771736741065979 0.33875808119773865 0.04657573625445366 0.06150878593325615
5 0.7695705890655518 0.9624096155166626 0.0407930389046669 0.026129163801670074
1 0.10106618702411652 0.48751264810562134 0.015004402957856655 0.020949330180883408
1 0.45764636993408203 0.1414715200662613 0.015988541767001152 0.02119971439242363
