4 0.342969 0.884134 0.189062 0.227557
4 0.343750 0.707724 0.184375 0.104384
4 0.651563 0.706681 0.187500 0.106472
5 0.773438 0.723382 0.046875 0.060543
4 0.652344 0.886221 0.189062 0.227557
5 0.222656 0.562630 0.042188 0.056367
5 0.225781 0.946764 0.045312 0.060543
5 0.222656 0.722338 0.045312 0.058455
5 0.183594 0.643006 0.045312 0.058455
5 0.225781 0.338205 0.045312 0.058455
5 0.813281 0.641962 0.045312 0.060543
5 0.771875 0.339248 0.046875 0.060543
5 0.773438 0.562630 0.046875 0.060543
5 0.770312 0.961378 0.040625 0.031315
