4 0.34331202507019043 0.8836057186126709 0.1874188482761383 0.23067212104797363
4 0.3435230255126953 0.7055206894874573 0.1862308531999588 0.10734567791223526
4 0.651986300945282 0.7069865465164185 0.1859767884016037 0.1066604033112526
4 0.652079701423645 0.8871003985404968 0.18833942711353302 0.22579918801784515
5 0.22257748246192932 0.7204107046127319 0.04403891786932945 0.057432934641838074
5 0.7736806273460388 0.7223348021507263 0.0468561165034771 0.06038492172956467
5 0.22578516602516174 0.9456462860107422 0.04456749185919762 0.060997314751148224
5 0.1833033263683319 0.6419651508331299 0.04589636251330376 0.060726284980773926
5 0.2227589637041092 0.5606041550636292 0.04341888427734375 0.057399168610572815
5 0.22553567588329315 0.3362152874469757 0.04540882259607315 0.05918320640921593
5 0.7722222208976746 0.3382570743560791 0.04714364930987358 0.061590526252985
5 0.8134760856628418 0.640405535697937 0.04612083360552788 0.06191640719771385
5 0.7737534642219543 0.560644805431366 0.04537773132324219 0.060136448591947556
5 0.7701346278190613 0.9541262984275818 0.0395929329097271 0.04527942091226578
5 0.769902229309082 0.9601519703865051 0.04056663438677788 0.029884036630392075
