4 0.34306600689888 0.8849411606788635 0.18737541139125824 0.22921937704086304
4 0.3434942662715912 0.7075901627540588 0.18535375595092773 0.10770729929208755
4 0.6520169377326965 0.7071405649185181 0.1863744705915451 0.10749883949756622
4 0.6518799662590027 0.886256217956543 0.18912354111671448 0.22748751938343048
5 0.18281230330467224 0.6421915888786316 0.04799192026257515 0.06292138248682022
5 0.7735893130302429 0.723634660243988 0.0469486229121685 0.060486096888780594
5 0.2258347123861313 0.33767953515052795 0.045507051050662994 0.058453269302845
5 0.2225448191165924 0.7223979830741882 0.04434604570269585 0.058646757155656815
5 0.7714438438415527 0.33965402841567993 0.04767246171832085 0.06137511879205704
5 0.22588029503822327 0.9469231367111206 0.044919490814208984 0.06087154895067215
5 0.22269700467586517 0.5621431469917297 0.04474501684308052 0.06093347445130348
5 0.7730685472488403 0.5608789324760437 0.045379638671875 0.06207973137497902
5 0.8131074905395508 0.6431320309638977 0.0456635020673275 0.06063072010874748
5 0.769643247127533 0.9549721479415894 0.039847757667303085 0.04586530849337578
5 0.7694283723831177 0.9606660604476929 0.04045429453253746 0.03167814016342163
