5 0.7730103135108948 0.7204331159591675 0.04736823961138725 0.06009095907211304
5 0.22235608100891113 0.7194886803627014 0.04471541568636894 0.058843497186899185
5 0.22527484595775604 0.94474858045578 0.04492931440472603 0.060544583946466446
5 0.22539477050304413 0.3358101546764374 0.04547901079058647 0.05810508877038956
5 0.18397362530231476 0.6418578028678894 0.04592404514551163 0.0626220703125
5 0.2218598872423172 0.5606279969215393 0.04670720174908638 0.06061173230409622
5 0.8117084503173828 0.640480637550354 0.0464666374027729 0.06165952607989311
5 0.7735463976860046 0.562249481678009 0.04734058305621147 0.058509621769189835
5 0.7705007791519165 0.33763018250465393 0.046758461743593216 0.061185769736766815
5 0.7687855958938599 0.9630956649780273 0.040127944201231 0.026726773008704185
2 0.49596962332725525 0.04369436204433441 0.011041069403290749 0.018940171226859093
