4 0.34365275502204895 0.5821923017501831 0.18335318565368652 0.11412602663040161
4 0.3438177704811096 0.3542926609516144 0.18671312928199768 0.3331844210624695
4 0.6508697867393494 0.3496197462081909 0.18749161064624786 0.33629876375198364
4 0.6515065431594849 0.5843164920806885 0.1859365552663803 0.11707830429077148
5 0.18305635452270508 0.6411157846450806 0.04582629352807999 0.059304382652044296
5 0.221583291888237 0.7204580903053284 0.043828584253787994 0.058114390820264816
5 0.22450318932533264 0.9463342428207397 0.04412646219134331 0.060670603066682816
5 0.7731537222862244 0.7217914462089539 0.04695606231689453 0.06154866889119148
5 0.812234103679657 0.6417493224143982 0.04637184366583824 0.06156880035996437
5 0.22464676201343536 0.33654171228408813 0.04416671022772789 0.0585583932697773
5 0.7727725505828857 0.5606364607810974 0.04352283477783203 0.059418171644210815
5 0.7709923982620239 0.33765164017677307 0.046242620795965195 0.060649324208498
5 0.22191105782985687 0.5605146288871765 0.04255571588873863 0.05722982436418533
5 0.7681991457939148 0.9632083177566528 0.04102840647101402 0.026817243546247482
