5 0.22598586976528168 0.3341691493988037 0.04548234865069389 0.05932082235813141
5 0.22585530579090118 0.9429817795753479 0.04460954666137695 0.059816621243953705
5 0.7708161473274231 0.3358704149723053 0.046247292309999466 0.06052470579743385
5 0.8124438524246216 0.6394312977790833 0.046904947608709335 0.05985140800476074
5 0.22242145240306854 0.5595561861991882 0.04575924947857857 0.05932766944169998
5 0.7739777565002441 0.5611499547958374 0.0470338836312294 0.058966588228940964
5 0.2225901186466217 0.7180924415588379 0.04430818557739258 0.058137454092502594
5 0.18526814877986908 0.6394726037979126 0.04550757631659508 0.060548149049282074
5 0.7734041213989258 0.7181730270385742 0.04628944396972656 0.05899665877223015
5 0.7688872218132019 0.9605700373649597 0.04173164442181587 0.023332249373197556
