5 0.22292159497737885 0.5617199540138245 0.04363761097192764 0.057549942284822464
5 0.22560349106788635 0.9467766284942627 0.04528551176190376 0.0606299564242363
5 0.18298208713531494 0.6425788998603821 0.04597315937280655 0.05908305197954178
5 0.7737821936607361 0.7228980660438538 0.04701976850628853 0.06005184352397919
5 0.8134403228759766 0.6419646143913269 0.046752214431762695 0.06208842992782593
5 0.22274021804332733 0.7213134169578552 0.04495248943567276 0.058943651616573334
5 0.7718947529792786 0.33897727727890015 0.047434236854314804 0.0629885345697403
5 0.7731218338012695 0.561438262462616 0.04634857177734375 0.06008407846093178
5 0.22525890171527863 0.33652547001838684 0.04593377187848091 0.06024482101202011
5 0.7697461843490601 0.9623441100120544 0.04051666334271431 0.02680806815624237
