5 0.7740179300308228 0.7199085354804993 0.04741935804486275 0.060930415987968445
5 0.18289406597614288 0.6395313143730164 0.04614892229437828 0.060214813798666
5 0.2221851795911789 0.7186644077301025 0.04470597580075264 0.058165229856967926
5 0.7717785835266113 0.3367331922054291 0.047422029078006744 0.06114830821752548
5 0.22539697587490082 0.9442286491394043 0.04471464082598686 0.060855746269226074
5 0.8128582239151001 0.6399436593055725 0.04714922979474068 0.06120743229985237
5 0.22516389191150665 0.3342796266078949 0.04573793336749077 0.05935114622116089
5 0.22237332165241241 0.5594931244850159 0.045113421976566315 0.058503407984972
5 0.7731170058250427 0.5593780279159546 0.04631023481488228 0.05917288362979889
5 0.7700273394584656 0.9637510776519775 0.04083585739135742 0.03560936450958252
