4 0.342969 0.885177 0.185938 0.225470
4 0.342969 0.708768 0.185938 0.106472
4 0.651563 0.704593 0.187500 0.106472
5 0.225781 0.946764 0.045312 0.060543
5 0.773438 0.723382 0.046875 0.060543
5 0.223438 0.561587 0.043750 0.058455
4 0.651563 0.885177 0.187500 0.229645
5 0.221875 0.722338 0.043750 0.058455
5 0.772656 0.562630 0.045312 0.060543
5 0.183594 0.643006 0.045312 0.058455
5 0.225781 0.337161 0.045312 0.060543
5 0.813281 0.643006 0.045312 0.062630
5 0.771875 0.338205 0.046875 0.062630
5 0.769531 0.960334 0.039062 0.029228
