5 0.773469865322113 0.7192734479904175 0.04733934625983238 0.06130070611834526
5 0.22450242936611176 0.9442428946495056 0.04464397579431534 0.060702331364154816
5 0.8121957778930664 0.6399019956588745 0.047235678881406784 0.06155962496995926
5 0.18373344838619232 0.6393608450889587 0.04494600370526314 0.05925863981246948
5 0.7711880803108215 0.3358204662799835 0.047121621668338776 0.060300312936306
5 0.22170071303844452 0.7184808850288391 0.04368596151471138 0.05783265829086304
5 0.22497296333312988 0.33437785506248474 0.04577665403485298 0.0590088926255703
5 0.2217475026845932 0.558769166469574 0.044074904173612595 0.05733342096209526
5 0.7733063101768494 0.5590448975563049 0.045548249036073685 0.06030413880944252
5 0.7686973214149475 0.9624592065811157 0.03891029581427574 0.034553542733192444
