4 0.34334832429885864 0.8844116926193237 0.18692027032375336 0.23084108531475067
4 0.34362244606018066 0.705560028553009 0.18623943626880646 0.10910435765981674
5 0.7738345265388489 0.7198635339736938 0.04644489288330078 0.05966486036777496
4 0.6521981358528137 0.7046017050743103 0.18635216355323792 0.10722003877162933
5 0.22228483855724335 0.7191604375839233 0.04359006881713867 0.05780500918626785
5 0.22581282258033752 0.9441193342208862 0.044135283678770065 0.06003234535455704
5 0.1847030371427536 0.6407553553581238 0.045964907854795456 0.062121812254190445
5 0.7714177966117859 0.33702537417411804 0.046755313873291016 0.060876261442899704
5 0.7738809585571289 0.5619988441467285 0.04735374450683594 0.05825277045369148
5 0.2227601557970047 0.5598046779632568 0.04540281370282173 0.05977253243327141
5 0.2259003221988678 0.33524176478385925 0.04534201696515083 0.059944998472929
4 0.6524122357368469 0.885195791721344 0.1892421692609787 0.22960840165615082
5 0.812950611114502 0.6400946974754333 0.04563026502728462 0.06081344187259674
5 0.7700721621513367 0.9536988139152527 0.039464760571718216 0.041769709438085556
5 0.769793689250946 0.9603058695793152 0.0405915267765522 0.025835074484348297
