4 0.342969 0.882046 0.185938 0.231733
4 0.342969 0.703549 0.185938 0.108559
4 0.652344 0.705637 0.185938 0.108559
4 0.652344 0.887265 0.189062 0.225470
5 0.183594 0.638831 0.045312 0.058455
5 0.773438 0.719207 0.046875 0.060543
5 0.225781 0.334029 0.045312 0.058455
5 0.225781 0.942589 0.045312 0.060543
5 0.771875 0.335073 0.046875 0.060543
5 0.813281 0.638831 0.045312 0.058455
5 0.773438 0.558455 0.046875 0.060543
5 0.222656 0.718163 0.045312 0.058455
5 0.221875 0.558455 0.043750 0.056367
5 0.769531 0.960334 0.039062 0.025052
2 0.546094 0.053236 0.017188 0.022965
