5 0.7742844820022583 0.7196840047836304 0.04703540727496147 0.06130274385213852
5 0.2228255718946457 0.7187632322311401 0.04448866844177246 0.05859770253300667
5 0.8133048415184021 0.6395949125289917 0.04650115966796875 0.060720425099134445
5 0.2259746640920639 0.943953812122345 0.04453568533062935 0.06123138591647148
5 0.18472342193126678 0.6394667625427246 0.04598844051361084 0.05965976417064667
5 0.7725820541381836 0.33600330352783203 0.04680805280804634 0.061231959611177444
5 0.22260747849941254 0.5588292479515076 0.044327642768621445 0.05779647082090378
5 0.22612635791301727 0.33397457003593445 0.04521651193499565 0.05871671438217163
5 0.7746099829673767 0.5594136118888855 0.04638023301959038 0.060824017971754074
5 0.769641101360321 0.9605845808982849 0.041307639330625534 0.025279004126787186
1 0.20769034326076508 0.209280863404274 0.0212087519466877 0.033653754740953445
