4 0.342969 0.882046 0.185938 0.231733
4 0.342969 0.704593 0.185938 0.106472
5 0.773438 0.720251 0.046875 0.058455
4 0.651563 0.707724 0.184375 0.108559
5 0.221875 0.719207 0.043750 0.056367
4 0.651563 0.887265 0.190625 0.225470
5 0.225781 0.944676 0.045312 0.060543
5 0.771875 0.337161 0.046875 0.060543
5 0.225781 0.334029 0.045312 0.058455
5 0.221875 0.558455 0.043750 0.056367
5 0.183594 0.639875 0.045312 0.060543
5 0.812500 0.639875 0.046875 0.060543
5 0.773438 0.560543 0.046875 0.060543
5 0.768750 0.959290 0.040625 0.027140
