5 0.773618757724762 0.7200084328651428 0.04748735576868057 0.060765787959098816
5 0.22170376777648926 0.7188820242881775 0.04427317529916763 0.058499712496995926
5 0.8124252557754517 0.6400440335273743 0.047690536826848984 0.06217775121331215
5 0.22542129456996918 0.3342062830924988 0.04538078233599663 0.058498695492744446
5 0.1834171563386917 0.6396844983100891 0.04555521160364151 0.06050941348075867
5 0.22458301484584808 0.9444844126701355 0.0444672591984272 0.06062434986233711
5 0.7713339924812317 0.33625683188438416 0.04705638810992241 0.06171495467424393
5 0.22183242440223694 0.5590922236442566 0.04436297342181206 0.057311248034238815
5 0.7729877233505249 0.5597404837608337 0.0458463691174984 0.05876118317246437
5 0.7686323523521423 0.9610865116119385 0.04114065319299698 0.023968340829014778
