5 0.7737800478935242 0.7195219993591309 0.047182273119688034 0.060297511518001556
5 0.8129480481147766 0.6379320621490479 0.046445515006780624 0.06352498382329941
5 0.22509078681468964 0.9438021779060364 0.04425087198615074 0.05953603610396385
5 0.7716366052627563 0.3360210657119751 0.047708701342344284 0.061418317258358
5 0.22228465974330902 0.5588382482528687 0.0447813980281353 0.057518817484378815
5 0.22514577209949493 0.3341265916824341 0.045357417315244675 0.05854826048016548
5 0.18383833765983582 0.6391289234161377 0.04450876638293266 0.058366939425468445
5 0.22203801572322845 0.7185031771659851 0.044268179684877396 0.05728665739297867
5 0.7731520533561707 0.5590097308158875 0.04637336730957031 0.05965326726436615
5 0.7689105868339539 0.9610035419464111 0.04078645631670952 0.024345509707927704
