4 0.342187 0.885177 0.187500 0.229645
4 0.342969 0.707724 0.185938 0.108559
4 0.651563 0.706681 0.187500 0.106472
5 0.221875 0.562630 0.043750 0.060543
5 0.225781 0.946764 0.045312 0.060543
5 0.225781 0.338205 0.045312 0.058455
5 0.773438 0.563674 0.046875 0.058455
5 0.773438 0.723382 0.046875 0.060543
5 0.222656 0.722338 0.045312 0.058455
5 0.770312 0.340292 0.046875 0.062630
5 0.183594 0.643006 0.045312 0.058455
4 0.650781 0.885177 0.189062 0.229645
5 0.812500 0.643006 0.046875 0.062630
5 0.768750 0.960334 0.040625 0.033403
