5 0.7738251686096191 0.7202094793319702 0.04661884531378746 0.060022152960300446
5 0.2217884063720703 0.7192530632019043 0.044584739953279495 0.057540226727724075
5 0.22505274415016174 0.9446345567703247 0.04439687728881836 0.06003998965024948
5 0.2221684455871582 0.5589982271194458 0.04443007707595825 0.05641818046569824
5 0.7714971303939819 0.33652397990226746 0.04700479656457901 0.06125738099217415
5 0.8126131892204285 0.6399272680282593 0.04633159562945366 0.060807328671216965
5 0.22494058310985565 0.3342941999435425 0.045294858515262604 0.059110574424266815
5 0.18346460163593292 0.6402431130409241 0.04440817981958389 0.05799563229084015
5 0.7732357382774353 0.5600638389587402 0.045888423919677734 0.0589604414999485
5 0.7688403725624084 0.96054607629776 0.04027452692389488 0.024819137528538704
