5 0.7740175127983093 0.723063588142395 0.0464751236140728 0.059985071420669556
5 0.1840764880180359 0.6426544189453125 0.046466708183288574 0.05999552085995674
5 0.22588816285133362 0.9469877481460571 0.044535305351018906 0.060044579207897186
5 0.8137203454971313 0.6423054337501526 0.04712491109967232 0.061823900789022446
5 0.2231682986021042 0.5615198612213135 0.04337124899029732 0.056796591728925705
5 0.22267818450927734 0.7223461270332336 0.04461059719324112 0.05895958095788956
5 0.22563624382019043 0.33753320574760437 0.045462705194950104 0.05886222794651985
5 0.772528886795044 0.3388364017009735 0.0473269484937191 0.06226344406604767
5 0.7744701504707336 0.5620392560958862 0.045694541186094284 0.061065007001161575
5 0.769622266292572 0.9624961614608765 0.04171571880578995 0.025979315862059593
