5 0.2226136177778244 0.5605663657188416 0.04465131834149361 0.05712100863456726
5 0.773867666721344 0.721782922744751 0.047684576362371445 0.061801984906196594
5 0.18345557153224945 0.6411731839179993 0.046404410153627396 0.058830756694078445
5 0.2227545529603958 0.72025066614151 0.04478755220770836 0.05836847051978111
5 0.22573328018188477 0.9449583292007446 0.04524426534771919 0.06012804061174393
5 0.773537814617157 0.5608885884284973 0.0466371551156044 0.06122259423136711
5 0.812809407711029 0.6406066417694092 0.04643292352557182 0.06198203191161156
5 0.771338939666748 0.3387673497200012 0.04734954982995987 0.062453363090753555
5 0.22559423744678497 0.33630695939064026 0.0454806350171566 0.05934133753180504
5 0.7693228125572205 0.9615680575370789 0.040894318372011185 0.025695929303765297
