5 0.222656 0.720251 0.045312 0.058455
5 0.222656 0.560543 0.045312 0.060543
5 0.774219 0.722338 0.048438 0.062630
5 0.184375 0.640919 0.046875 0.058455
5 0.225781 0.944676 0.045312 0.060543
5 0.773438 0.561587 0.046875 0.058455
5 0.225781 0.336117 0.045312 0.058455
5 0.771875 0.338205 0.046875 0.062630
5 0.813281 0.641962 0.045312 0.060543
5 0.768750 0.961378 0.040625 0.027140
2 0.691406 0.048017 0.014063 0.020877
4 0.343750 0.704593 0.187500 0.110647
4 0.650781 0.708768 0.189062 0.110647
4 0.654687 0.882046 0.184375 0.235908
4 0.342969 0.883090 0.185938 0.233820
