5 0.7734972834587097 0.7199081778526306 0.04669075086712837 0.06008331477642059
5 0.22221393883228302 0.7191150188446045 0.044632911682128906 0.058181032538414
5 0.22556953132152557 0.9442684054374695 0.04451599344611168 0.06026986241340637
5 0.22187602519989014 0.5598580837249756 0.045368291437625885 0.05900863930583
5 0.7709240317344666 0.3371982276439667 0.04643764719367027 0.061872448772192
5 0.1841457337141037 0.6409034132957458 0.045408010482788086 0.061650350689888
5 0.22550702095031738 0.3352612257003784 0.04513702541589737 0.05903157219290733
5 0.8117961883544922 0.640061616897583 0.04635424539446831 0.05971468240022659
5 0.7738468050956726 0.5622844099998474 0.047335054725408554 0.05732602998614311
5 0.7686501741409302 0.9611979722976685 0.04133167490363121 0.023991785943508148
