5 0.22495627403259277 0.9460691809654236 0.0439111702144146 0.060171108692884445
5 0.7738346457481384 0.7222824096679688 0.047562599182128906 0.061818547546863556
5 0.1840142160654068 0.6427897810935974 0.04583175107836723 0.06342215836048126
5 0.2220924347639084 0.5613820552825928 0.045716382563114166 0.060809746384620667
5 0.7715020179748535 0.338744580745697 0.04667825624346733 0.060750432312488556
5 0.7740294337272644 0.5637887716293335 0.0473695769906044 0.05785597860813141
5 0.2252744734287262 0.33650460839271545 0.04639921337366104 0.059865932911634445
5 0.8131284117698669 0.641305685043335 0.04571495205163956 0.06226987764239311
5 0.22192244231700897 0.7216149568557739 0.04385339096188545 0.05884375423192978
5 0.7691476941108704 0.962064802646637 0.04087085649371147 0.026010660454630852
