5 0.7748214602470398 0.7222224473953247 0.04737835004925728 0.06218106299638748
5 0.22634606063365936 0.9460864663124084 0.04458785057067871 0.06058459356427193
5 0.18459276854991913 0.6412183046340942 0.04432249069213867 0.058608278632164
5 0.2232704609632492 0.7222052812576294 0.04558387026190758 0.059584710747003555
5 0.7748799324035645 0.5626655220985413 0.04600200802087784 0.06138865649700165
5 0.8139025568962097 0.6416612267494202 0.047379493713378906 0.06320413202047348
5 0.2266940176486969 0.33751124143600464 0.04571209102869034 0.06058446690440178
5 0.7723492980003357 0.33963677287101746 0.04592781141400337 0.062463175505399704
5 0.22355623543262482 0.5621519088745117 0.04486365243792534 0.05808766186237335
5 0.7692636847496033 0.9634353518486023 0.04136791452765465 0.029881104826927185
