5 0.7729966044425964 0.7216654419898987 0.04687252268195152 0.061099376529455185
5 0.22240428626537323 0.7204654812812805 0.04398021847009659 0.05837968364357948
5 0.18399250507354736 0.6422662734985352 0.04564347490668297 0.061956800520420074
5 0.22553019225597382 0.9454535841941833 0.04460344463586807 0.06091856583952904
5 0.22159086167812347 0.5612627863883972 0.045830536633729935 0.05986516922712326
5 0.2253429889678955 0.3366047441959381 0.04545402526855469 0.058891408145427704
5 0.7733604311943054 0.5636929869651794 0.046279240399599075 0.058199889957904816
5 0.7705683708190918 0.33815130591392517 0.046120453625917435 0.06103375554084778
5 0.8124961853027344 0.6426168084144592 0.04650912433862686 0.05825187638401985
5 0.7688373923301697 0.9622026681900024 0.04136943817138672 0.025534613057971
