4 0.34430161118507385 0.7058627009391785 0.18509045243263245 0.10937576740980148
5 0.7740437388420105 0.7207574248313904 0.04687976837158203 0.06110702455043793
4 0.3431836664676666 0.8843242526054382 0.18744774162769318 0.22924040257930756
5 0.222652867436409 0.7197134494781494 0.04432087019085884 0.05790465325117111
5 0.22229333221912384 0.5601553320884705 0.045054543763399124 0.05905371159315109
5 0.7715285420417786 0.3382520079612732 0.04690227657556534 0.06267495453357697
5 0.22567276656627655 0.9447762370109558 0.04459276422858238 0.06078069657087326
5 0.22596977651119232 0.3364033102989197 0.045665789395570755 0.05979228392243385
5 0.7741684317588806 0.5617960691452026 0.04751739650964737 0.05987217649817467
4 0.6522697806358337 0.704113245010376 0.18738918006420135 0.11076874285936356
5 0.1844342201948166 0.6412018537521362 0.045618440955877304 0.05874742195010185
5 0.8126887679100037 0.6412370204925537 0.045195963233709335 0.06062256544828415
4 0.652100682258606 0.8843317031860352 0.1894148886203766 0.23133662343025208
5 0.7696930766105652 0.955005407333374 0.03964681550860405 0.04184820130467415
5 0.7694525122642517 0.9603508710861206 0.04028358682990074 0.02786082960665226
