5 0.225906640291214 0.9479963183403015 0.04407911375164986 0.059315215796232224
5 0.7739832401275635 0.7241986989974976 0.0469481460750103 0.06140926852822304
5 0.22633440792560577 0.3389386534690857 0.04523887857794762 0.060045596212148666
5 0.7741297483444214 0.5644389986991882 0.044281769543886185 0.05913759022951126
5 0.22250846028327942 0.5637998580932617 0.045073460787534714 0.05898238718509674
5 0.8131265640258789 0.6442891359329224 0.045244406908750534 0.06045742705464363
5 0.7715441584587097 0.34101563692092896 0.045611001551151276 0.060208760201931
5 0.22270742058753967 0.724357008934021 0.04474597051739693 0.05939944088459015
5 0.18453793227672577 0.6434537768363953 0.04447546228766441 0.05728793144226074
5 0.7694279551506042 0.9624862670898438 0.04058437421917915 0.029956411570310593
