4 0.343522310256958 0.8829778432846069 0.18726110458374023 0.2316107153892517
4 0.3437516391277313 0.7042116522789001 0.18596497178077698 0.10906995087862015
4 0.6521897315979004 0.7047250270843506 0.1857767105102539 0.10926911234855652
5 0.7738426923751831 0.7196965217590332 0.0460810661315918 0.05995767563581467
4 0.6524555683135986 0.8860583901405334 0.18816232681274414 0.2278832346200943
5 0.22564499080181122 0.9439562559127808 0.04448242112994194 0.06007464975118637
5 0.18478453159332275 0.6401411890983582 0.04578414186835289 0.061199020594358444
5 0.22275309264659882 0.5599029064178467 0.044939566403627396 0.059100668877363205
5 0.7714195251464844 0.3371465504169464 0.046591948717832565 0.06081395223736763
5 0.22623613476753235 0.3351161479949951 0.04590559005737305 0.05999475717544556
5 0.7743503451347351 0.561734139919281 0.047461893409490585 0.058195557445287704
5 0.22236672043800354 0.7184916138648987 0.04394512251019478 0.05768905580043793
5 0.8124804496765137 0.6400647759437561 0.045053865760564804 0.059565089643001556
5 0.7697215676307678 0.9548788666725159 0.03977260738611221 0.03999013453722
5 0.7695156931877136 0.960563063621521 0.04077663645148277 0.02557959221303463
