5 0.7737150192260742 0.7197164297103882 0.04729766771197319 0.06047755852341652
5 0.18300911784172058 0.6388784646987915 0.046401191502809525 0.06111326813697815
5 0.7716015577316284 0.33637017011642456 0.0473264716565609 0.06089448183774948
5 0.22517871856689453 0.9444537162780762 0.04482565075159073 0.06027291715145111
5 0.8129402995109558 0.6394306421279907 0.0465572364628315 0.06139499694108963
5 0.22252269089221954 0.7184144854545593 0.04511246830224991 0.05763426423072815
5 0.7732428908348083 0.5589272975921631 0.04598283767700195 0.059870265424251556
5 0.22555513679981232 0.3340619206428528 0.04562673717737198 0.05809667706489563
5 0.2224443405866623 0.5599031448364258 0.045542921870946884 0.05943320691585541
5 0.7691099047660828 0.961377739906311 0.04067268595099449 0.02508099004626274
