5 0.22256942093372345 0.7200570702552795 0.044567205011844635 0.05782182887196541
5 0.22226057946681976 0.5609167218208313 0.04628720507025719 0.0597778856754303
5 0.7738186717033386 0.7214691042900085 0.04731302335858345 0.06157873943448067
5 0.22558942437171936 0.9450643062591553 0.04496736451983452 0.061335619539022446
5 0.1843142807483673 0.6425924897193909 0.04584498330950737 0.062336135655641556
5 0.22540603578090668 0.33611130714416504 0.04592151567339897 0.05902201682329178
5 0.7736196517944336 0.562656044960022 0.04762306436896324 0.059617459774017334
5 0.812747597694397 0.6409244537353516 0.04659900814294815 0.06124107167124748
5 0.7705184817314148 0.3380449712276459 0.04687223583459854 0.059856314212083817
5 0.7696232795715332 0.9636446237564087 0.04012031480669975 0.02917531505227089
