5 0.772657573223114 0.721491813659668 0.04851550981402397 0.06220807880163193
5 0.22121766209602356 0.5607699751853943 0.04521551355719566 0.059431709349155426
5 0.22147655487060547 0.7202025651931763 0.04497098922729492 0.05938810110092163
5 0.22462263703346252 0.9450865983963013 0.04442339017987251 0.06087256595492363
5 0.7729858160018921 0.5621474385261536 0.047528743743896484 0.06071201711893082
5 0.22468088567256927 0.3368791341781616 0.04651350900530815 0.06120067834854126
5 0.1837407648563385 0.6413346529006958 0.04419546201825142 0.05893880873918533
5 0.7704801559448242 0.3387618064880371 0.047043610364198685 0.06330861896276474
5 0.8118215799331665 0.6410529613494873 0.04687690734863281 0.062009043991565704
5 0.7679879069328308 0.9616512060165405 0.041785337030887604 0.02645026706159115
