5 0.22268806397914886 0.5601233839988708 0.04511776193976402 0.05836120620369911
5 0.22295451164245605 0.7200037837028503 0.04553041607141495 0.059221941977739334
5 0.7738549113273621 0.721481204032898 0.04776430130004883 0.06185626611113548
5 0.1834658831357956 0.6407185196876526 0.04642095789313316 0.0584668405354023
5 0.22584520280361176 0.9451472759246826 0.044879913330078125 0.06037740409374237
5 0.8131821751594543 0.6405339241027832 0.04652462154626846 0.062117479741573334
5 0.2256864756345749 0.3362714946269989 0.045316603034734726 0.05934324860572815
5 0.7734160423278809 0.5607246160507202 0.046576499938964844 0.060771871358156204
5 0.7714371085166931 0.3388274908065796 0.04725618287920952 0.06320884823799133
5 0.7692097425460815 0.9621160626411438 0.041257668286561966 0.025624826550483704
