5 0.22513051331043243 0.9473512768745422 0.04397392272949219 0.05957260727882385
5 0.18275034427642822 0.6418130397796631 0.0475500114262104 0.06346841156482697
5 0.2224067747592926 0.5625413656234741 0.04618138074874878 0.061157356947660446
5 0.22533869743347168 0.33875134587287903 0.04571523889899254 0.06064123287796974
5 0.7734270691871643 0.7238441705703735 0.04759254679083824 0.06170488893985748
5 0.22205276787281036 0.7232736349105835 0.045123208314180374 0.058999717235565186
5 0.7707279324531555 0.33987241983413696 0.04757538065314293 0.06085753068327904
5 0.7736405730247498 0.5641111731529236 0.046936988830566406 0.060005586594343185
5 0.8122021555900574 0.6439170837402344 0.0458742156624794 0.060835614800453186
5 0.7689062356948853 0.9630602598190308 0.04101162031292915 0.027844902127981186
