4 0.342969 0.707724 0.185938 0.108559
4 0.651563 0.706681 0.187500 0.106472
5 0.772656 0.723382 0.045312 0.060543
5 0.225000 0.946764 0.043750 0.060543
5 0.225781 0.337161 0.045312 0.060543
5 0.773438 0.564718 0.046875 0.060543
5 0.222656 0.562630 0.045312 0.060543
5 0.183594 0.644050 0.045312 0.060543
5 0.770312 0.339248 0.046875 0.060543
5 0.221875 0.722338 0.043750 0.058455
5 0.812500 0.643006 0.046875 0.062630
5 0.768750 0.963466 0.040625 0.027140
4 0.652344 0.886221 0.192188 0.227557
4 0.342187 0.882046 0.184375 0.223382
