5 0.773425281047821 0.7195210456848145 0.046271611005067825 0.05947347357869148
5 0.2253911942243576 0.9436154961585999 0.0450708381831646 0.06010828912258148
5 0.2221204787492752 0.7189057469367981 0.04417095333337784 0.057348836213350296
5 0.2220449000597 0.560126543045044 0.04605555534362793 0.05966944992542267
5 0.22581787407398224 0.3351004123687744 0.04530973359942436 0.059990741312503815
5 0.7707158923149109 0.3367944657802582 0.046243857592344284 0.061061661690473557
5 0.18469490110874176 0.6405671834945679 0.04594161733984947 0.06182606518268585
5 0.773485541343689 0.5620790123939514 0.04632873460650444 0.05784199386835098
5 0.8122947812080383 0.6408343315124512 0.04563755914568901 0.05876360461115837
5 0.7689221501350403 0.960981011390686 0.041265297681093216 0.02361907623708248
