5 0.7732958197593689 0.7213886976242065 0.04743681102991104 0.06200866028666496
5 0.22155550122261047 0.7205129861831665 0.04471249505877495 0.058383759111166
5 0.8119457364082336 0.6418951153755188 0.04730076715350151 0.06176451966166496
5 0.1831982135772705 0.6416162252426147 0.04655871540307999 0.060969408601522446
5 0.2243785709142685 0.945778489112854 0.044614266604185104 0.061994519084692
5 0.22445838153362274 0.3363039195537567 0.04555187374353409 0.059187792241573334
5 0.2215680629014969 0.5607959628105164 0.04392441734671593 0.058032456785440445
5 0.7729164958000183 0.5607770681381226 0.045267678797245026 0.060347843915224075
5 0.7712294459342957 0.33759260177612305 0.047186948359012604 0.06145603209733963
5 0.7685711979866028 0.9622800350189209 0.04029102250933647 0.025127753615379333
