5 0.7742652893066406 0.7196245193481445 0.047406673431396484 0.060800701379776
5 0.22252869606018066 0.7188441157341003 0.04431552812457085 0.05777888745069504
5 0.22581486403942108 0.9442710280418396 0.04503517225384712 0.060802996158599854
5 0.22230973839759827 0.5598202347755432 0.04579320177435875 0.059259023517370224
5 0.8132268786430359 0.6402732133865356 0.046062517911195755 0.061110720038414
5 0.1846129149198532 0.6402713060379028 0.04547546058893204 0.06064677610993385
5 0.2258012294769287 0.3341268301010132 0.04541740566492081 0.058479197323322296
5 0.7740256786346436 0.5616122484207153 0.0469118133187294 0.058264460414648056
5 0.7716361284255981 0.3366111218929291 0.0472753532230854 0.06173623353242874
5 0.7697914242744446 0.9610227942466736 0.04128522798418999 0.024944139644503593
