5 0.7736662030220032 0.7194425463676453 0.0472111701965332 0.061488524079322815
5 0.8131228685379028 0.6397770047187805 0.04644623026251793 0.06094468757510185
5 0.18320202827453613 0.6389216184616089 0.04509091377258301 0.05790949612855911
5 0.22562754154205322 0.9441617727279663 0.045465994626283646 0.060819558799266815
5 0.2253648340702057 0.3340272903442383 0.0449376106262207 0.058809794485569
5 0.7717346549034119 0.33529847860336304 0.04738769680261612 0.06026221439242363
5 0.22285370528697968 0.5586828589439392 0.04407477378845215 0.05656825006008148
5 0.7731127142906189 0.5588323473930359 0.04646043851971626 0.059160016477108
5 0.2225317806005478 0.7184042930603027 0.044965412467718124 0.05732258781790733
5 0.7692365646362305 0.9608297348022461 0.04076423868536949 0.02404148131608963
1 0.08787181228399277 0.6676903367042542 0.017665160819888115 0.023684954270720482
