5 0.1829308122396469 0.6395587921142578 0.04736623913049698 0.06268986314535141
5 0.7737086415290833 0.7201534509658813 0.047274019569158554 0.06026221439242363
5 0.22266092896461487 0.7187473177909851 0.044431209564208984 0.05769287794828415
5 0.22567735612392426 0.9445815086364746 0.044875144958496094 0.06093449518084526
5 0.7720358967781067 0.3364698588848114 0.047069549560546875 0.06158262491226196
5 0.22262029349803925 0.5596877932548523 0.04521837458014488 0.06036517396569252
5 0.8131580352783203 0.6399019956588745 0.04609375074505806 0.06141258031129837
5 0.22545528411865234 0.3346594274044037 0.04560871049761772 0.05970124155282974
5 0.774209201335907 0.5613489747047424 0.04763641580939293 0.05909031629562378
1 0.8704901933670044 0.4985499978065491 0.02348938025534153 0.031350791454315186
5 0.7694502472877502 0.961047887802124 0.04139823839068413 0.025057289749383926
1 0.1182626485824585 0.4402707517147064 0.01559076365083456 0.02182573825120926
