4 0.34267130494117737 0.8848392963409424 0.18772868812084198 0.22856099903583527
4 0.34331101179122925 0.7088119983673096 0.18572679162025452 0.10531915724277496
4 0.6513480544090271 0.7067854404449463 0.1874120682477951 0.10599806159734726
5 0.7734295129776001 0.7230520248413086 0.046732332557439804 0.05983993783593178
5 0.2250618040561676 0.9469068050384521 0.04365582391619682 0.06058038771152496
5 0.182808980345726 0.6427037715911865 0.046580053865909576 0.0611523874104023
5 0.22530026733875275 0.337246298789978 0.045865725725889206 0.059114906936883926
5 0.22173915803432465 0.7221004366874695 0.04422154650092125 0.05847881734371185
4 0.6511824131011963 0.8856458067893982 0.18795232474803925 0.228708416223526
5 0.7732042670249939 0.562095046043396 0.04541034623980522 0.06045347452163696
5 0.2225138247013092 0.561995804309845 0.044702768325805664 0.05968884751200676
5 0.8126735091209412 0.6427360773086548 0.04639911651611328 0.06137193366885185
5 0.7706870436668396 0.3380984365940094 0.04514751583337784 0.06016894429922104
3 0.894629180431366 0.3928788900375366 0.08645401149988174 0.05451159551739693
0 0.8202150464057922 0.38523048162460327 0.09459453076124191 0.06199260801076889
3 0.6506496667861938 0.23877954483032227 0.08336114883422852 0.12832769751548767
5 0.7692164778709412 0.9547616243362427 0.03844280168414116 0.045722343027591705
3 0.8981537222862244 0.39246129989624023 0.08025550842285156 0.039341554045677185
3 0.7188348174095154 0.33129674196243286 0.08263130486011505 0.059223469346761703
3 0.8225646018981934 0.3833088278770447 0.0904073715209961 0.06242775171995163
