4 0.343750 0.884134 0.187500 0.231733
4 0.343750 0.705637 0.187500 0.108559
5 0.773438 0.720251 0.046875 0.058455
5 0.223438 0.719207 0.043750 0.056367
4 0.652344 0.705637 0.185938 0.108559
5 0.184375 0.640919 0.046875 0.058455
5 0.222656 0.559499 0.045312 0.058455
5 0.225781 0.944676 0.045312 0.060543
5 0.225781 0.336117 0.045312 0.058455
4 0.652344 0.885177 0.189062 0.229645
5 0.813281 0.639875 0.045312 0.060543
5 0.773438 0.560543 0.046875 0.060543
0 0.822656 0.360125 0.148438 0.110647
5 0.760938 0.323591 0.025000 0.033403
5 0.770312 0.960334 0.040625 0.029228
