5 0.7730023860931396 0.7234458327293396 0.046796511858701706 0.06023430824279785
5 0.22524333000183105 0.9469364881515503 0.04470977932214737 0.05978132411837578
5 0.8116123080253601 0.6438081860542297 0.04649181291460991 0.06061555817723274
5 0.7730287909507751 0.5644255876541138 0.04544983059167862 0.05863656476140022
5 0.22231696546077728 0.7231801748275757 0.04502105712890625 0.05946391820907593
5 0.22147154808044434 0.5632534623146057 0.04575556516647339 0.05882272869348526
5 0.7705121636390686 0.34016168117523193 0.04626207426190376 0.05977941304445267
5 0.22545114159584045 0.33823058009147644 0.045250799506902695 0.059403009712696075
5 0.1839536726474762 0.6435924172401428 0.04484710842370987 0.059684354811906815
5 0.7687665820121765 0.9630100131034851 0.04118004068732262 0.026858272030949593
