4 0.5009084939956665 0.5876938104629517 0.13915196061134338 0.8246123790740967
5 0.7733755111694336 0.5654222965240479 0.04680824279785156 0.06076018139719963
4 0.6537811160087585 0.5839695930480957 0.18198128044605255 0.11717743426561356
4 0.34077057242393494 0.7076540589332581 0.18411993980407715 0.10817991197109222
4 0.34260350465774536 0.35245630145072937 0.18482771515846252 0.3327273726463318
5 0.770552933216095 0.34184330701828003 0.046531107276678085 0.06369254738092422
5 0.7729843258857727 0.7247570753097534 0.0478094108402729 0.063068687915802
5 0.22117972373962402 0.7234744429588318 0.0458834171295166 0.06125687062740326
4 0.3418996036052704 0.581152617931366 0.18155579268932343 0.11434280872344971
5 0.22483335435390472 0.9479486346244812 0.04556908831000328 0.060424551367759705
4 0.3405688405036926 0.8825316429138184 0.18467941880226135 0.21935321390628815
5 0.22098873555660248 0.5641836524009705 0.04722566530108452 0.06082386150956154
5 0.18325114250183105 0.6430023312568665 0.045610811561346054 0.058269843459129333
5 0.8123286366462708 0.6448133587837219 0.04586467891931534 0.06017199903726578
4 0.6513744592666626 0.7122118473052979 0.18679066002368927 0.10967215150594711
4 0.6508568525314331 0.352383553981781 0.18991632759571075 0.33177462220191956
5 0.22487597167491913 0.3398192822933197 0.04648952558636665 0.06297139823436737
1 0.09287676960229874 0.2826763093471527 0.026601243764162064 0.05128292739391327
0 0.5585557222366333 0.05631217360496521 0.1123468428850174 0.11179253458976746
4 0.6521245837211609 0.8889373540878296 0.18782691657543182 0.22212529182434082
0 0.8880234956741333 0.3175545930862427 0.05408210679888725 0.10336818546056747
5 0.7685643434524536 0.9633093476295471 0.041883278638124466 0.03112003020942211
0 0.8785014152526855 0.45500120520591736 0.054625511169433594 0.11067279428243637
1 0.10918823629617691 0.443166583776474 0.017783069983124733 0.021252339705824852
