5 0.2220756560564041 0.5625180006027222 0.0459362156689167 0.06074587628245354
5 0.22538797557353973 0.9472784996032715 0.04471583291888237 0.060156963765621185
5 0.22252681851387024 0.7229932546615601 0.045098114758729935 0.05971302464604378
5 0.7731053233146667 0.7236499190330505 0.04711799696087837 0.06053515523672104
5 0.22527718544006348 0.3383236229419708 0.04480791091918945 0.059761445969343185
5 0.7707376480102539 0.34012529253959656 0.04670295864343643 0.061044078320264816
5 0.18402674794197083 0.6439457535743713 0.04521055147051811 0.060832809656858444
5 0.7741240859031677 0.5648069977760315 0.04808521270751953 0.05927138030529022
5 0.8121747970581055 0.6429890990257263 0.04697933420538902 0.061654429882764816
5 0.7685472369194031 0.9635807871818542 0.04097461700439453 0.02775787189602852
