5 0.7737643122673035 0.7204641699790955 0.047422029078006744 0.05976514145731926
5 0.22260785102844238 0.7200230956077576 0.04472675547003746 0.05806112661957741
5 0.22571401298046112 0.9451663494110107 0.04509925842285156 0.060600392520427704
5 0.18328611552715302 0.6412444114685059 0.04565227031707764 0.058983154594898224
5 0.2224685698747635 0.5592272281646729 0.04412584379315376 0.0576319694519043
5 0.2254992574453354 0.33484721183776855 0.04553575441241264 0.05932451784610748
5 0.8133139610290527 0.6403019428253174 0.04593715816736221 0.06131242960691452
5 0.7722976207733154 0.33649152517318726 0.04722194746136665 0.06132255867123604
5 0.7736056447029114 0.5602918863296509 0.04571094736456871 0.05966916307806969
5 0.769565999507904 0.9617480635643005 0.041120436042547226 0.025066209957003593
3 0.7967395782470703 0.4749343693256378 0.13280907273292542 0.07798407226800919
