5 0.22240309417247772 0.5617833137512207 0.04480290412902832 0.058643702417612076
5 0.22520112991333008 0.9469236731529236 0.04414701461791992 0.06035561487078667
5 0.18328718841075897 0.6422370076179504 0.04593978077173233 0.06075788661837578
5 0.7737393379211426 0.7227514386177063 0.04736137390136719 0.059942640364170074
5 0.7708603739738464 0.33852022886276245 0.045851897448301315 0.060341980308294296
5 0.22547689080238342 0.3368671238422394 0.0458315871655941 0.059085216373205185
5 0.22173810005187988 0.7221254110336304 0.044780876487493515 0.05953565612435341
5 0.8123971819877625 0.6418891549110413 0.046240996569395065 0.06178312376141548
5 0.7728889584541321 0.5617127418518066 0.044480323791503906 0.05969518795609474
5 0.7686569094657898 0.9626989960670471 0.03970794752240181 0.02694772370159626
1 0.815998375415802 0.46462446451187134 0.012240218929946423 0.02014109306037426
1 0.929745614528656 0.7628641128540039 0.013530540280044079 0.017465101554989815
1 0.821922242641449 0.3499005436897278 0.01685810089111328 0.02437940426170826
