4 0.34260985255241394 0.884132981300354 0.18714690208435059 0.2302515059709549
4 0.3428359627723694 0.7045890688896179 0.1866626739501953 0.10932072252035141
4 0.6514996886253357 0.8852013349533081 0.18756580352783203 0.2295973151922226
5 0.7735062837600708 0.7195838689804077 0.047333717346191406 0.060207679867744446
4 0.6513902544975281 0.706164538860321 0.1859443634748459 0.10651513934135437
5 0.22527293860912323 0.9443682432174683 0.04457740858197212 0.06030477583408356
5 0.18347525596618652 0.6394347548484802 0.044840194284915924 0.05847155302762985
5 0.22559165954589844 0.33382484316825867 0.045113325119018555 0.05799321085214615
5 0.7712646722793579 0.33600670099258423 0.04733791574835777 0.060555923730134964
5 0.2226804792881012 0.5588259100914001 0.04390325769782066 0.05703028291463852
5 0.22216634452342987 0.7183693051338196 0.0441865436732769 0.0577661469578743
5 0.7731322646141052 0.5595594048500061 0.04610433802008629 0.059540241956710815
5 0.8129281401634216 0.6389280557632446 0.046538736671209335 0.06314093619585037
5 0.7701550126075745 0.9534040093421936 0.03790292888879776 0.043436262756586075
5 0.7700656652450562 0.9585844874382019 0.038286495953798294 0.028947101905941963
