5 0.1831122487783432 0.6428956389427185 0.0461115837097168 0.05985981598496437
5 0.22315482795238495 0.5620457530021667 0.04417772218585014 0.05860856547951698
5 0.22599878907203674 0.9473168253898621 0.045046426355838776 0.059706781059503555
5 0.7738615870475769 0.7227587103843689 0.0472600944340229 0.05955170840024948
5 0.22263450920581818 0.7225217819213867 0.04489312320947647 0.058990925550460815
5 0.8134374618530273 0.6424980163574219 0.04665355756878853 0.06168055161833763
5 0.22566962242126465 0.33775317668914795 0.04546098783612251 0.059235893189907074
5 0.7734706997871399 0.5620936751365662 0.04651641845703125 0.060398682951927185
5 0.7720109224319458 0.33877140283584595 0.04764251783490181 0.062464259564876556
5 0.7700549960136414 0.9626759886741638 0.04116315767168999 0.028169572353363037
