4 0.3450544476509094 0.8850955367088318 0.18810482323169708 0.2281682789325714
4 0.3457978665828705 0.7081388235092163 0.1867397278547287 0.1057569831609726
4 0.6536540389060974 0.7068228125572205 0.1864030808210373 0.10623455792665482
5 0.7749231457710266 0.7227094173431396 0.045787811279296875 0.059038836508989334
5 0.22708909213542938 0.9470073580741882 0.044022418558597565 0.05984070524573326
5 0.22405007481575012 0.722154438495636 0.04462604597210884 0.05988899618387222
5 0.18422095477581024 0.6428388953208923 0.04494338110089302 0.05825620889663696
5 0.7731059789657593 0.3384302854537964 0.047148894518613815 0.06133854761719704
5 0.8146217465400696 0.642461895942688 0.04605064541101456 0.06131484732031822
4 0.6530665755271912 0.8856909275054932 0.18808765709400177 0.22861820459365845
5 0.22687797248363495 0.3377646207809448 0.045476533472537994 0.05948251858353615
5 0.7747448682785034 0.5619162321090698 0.04553050920367241 0.05997118353843689
5 0.22445373237133026 0.5617710947990417 0.04403820261359215 0.05737801641225815
1 0.09620895236730576 0.40798649191856384 0.023428797721862793 0.029534900560975075
5 0.7715577483177185 0.9560166001319885 0.03991222381591797 0.04679931327700615
