4 0.34410879015922546 0.5819539427757263 0.1834384948015213 0.11517401039600372
4 0.3442694842815399 0.351921021938324 0.1864856779575348 0.332115113735199
4 0.6520391702651978 0.5822131037712097 0.18504562973976135 0.11480611562728882
5 0.7733277678489685 0.7217761874198914 0.046921540051698685 0.06069290265440941
5 0.1828240007162094 0.6406229734420776 0.04548206552863121 0.060280054807662964
5 0.22460201382637024 0.9452271461486816 0.044879961758852005 0.05966409668326378
4 0.6512427926063538 0.35198453068733215 0.18768416345119476 0.3340771496295929
5 0.2218475341796875 0.7207292914390564 0.04482031986117363 0.058696962893009186
5 0.8122059106826782 0.6408887505531311 0.04680214077234268 0.06256294995546341
5 0.7710617184638977 0.3376442492008209 0.04540004953742027 0.06013313680887222
5 0.22162456810474396 0.5606827139854431 0.04408005625009537 0.05770702287554741
5 0.2250509262084961 0.3358859717845917 0.04421506077051163 0.05744720622897148
5 0.7732085585594177 0.5600016713142395 0.044043827801942825 0.06101072579622269
1 0.18132753670215607 0.02783675491809845 0.02076120488345623 0.027932455763220787
5 0.7685718536376953 0.9622019529342651 0.04120473936200142 0.025579974055290222
