4 0.343976229429245 0.8856728672981262 0.18780651688575745 0.22854672372341156
4 0.3442977964878082 0.7063207626342773 0.186991885304451 0.10932224988937378
4 0.6528825163841248 0.7080404758453369 0.18569298088550568 0.10646965354681015
4 0.6523232460021973 0.8860035538673401 0.18850965797901154 0.2279929518699646
5 0.22282052040100098 0.7217963933944702 0.04361877590417862 0.057983655482530594
5 0.22641849517822266 0.9465261101722717 0.0437559150159359 0.06065849959850311
5 0.18440265953540802 0.6430023312568665 0.04595031961798668 0.05922245234251022
5 0.22302451729774475 0.5610893964767456 0.04317322000861168 0.056927070021629333
5 0.774895966053009 0.7228430509567261 0.04601040109992027 0.05983395129442215
5 0.8136013150215149 0.6420153379440308 0.046154022216796875 0.062055554240942
5 0.7728017568588257 0.3387733995914459 0.04662513732910156 0.06176477670669556
5 0.7748913764953613 0.5619337558746338 0.045061398297548294 0.06043742224574089
5 0.22608284652233124 0.33732855319976807 0.0460963249206543 0.05951889976859093
5 0.7700285315513611 0.9547958970069885 0.03964119032025337 0.04625916853547096
5 0.7702043652534485 0.9600013494491577 0.04085235670208931 0.03220107778906822
