4 0.34331050515174866 0.8835514187812805 0.18752555549144745 0.23109491169452667
4 0.3440542221069336 0.7055990695953369 0.1859624832868576 0.10734517127275467
4 0.6520676612854004 0.704407274723053 0.18671169877052307 0.10804497450590134
5 0.22266124188899994 0.7199848890304565 0.04403982311487198 0.058830756694078445
5 0.7735661864280701 0.7209339737892151 0.04746894910931587 0.060353703796863556
5 0.18417449295520782 0.6409309506416321 0.046131134033203125 0.05806699022650719
5 0.22573697566986084 0.33566737174987793 0.04500622674822807 0.058369360864162445
4 0.6518018841743469 0.8850938081741333 0.1886058896780014 0.2298123985528946
5 0.22260034084320068 0.5597219467163086 0.0437103770673275 0.057211603969335556
5 0.773914098739624 0.560748279094696 0.045984651893377304 0.05993270128965378
5 0.8130447268486023 0.6411327719688416 0.045635271817445755 0.06104917451739311
5 0.22583460807800293 0.9447616934776306 0.04472842440009117 0.06123291701078415
5 0.772000253200531 0.33774662017822266 0.046863652765750885 0.061990886926651
5 0.7702843546867371 0.9551613330841064 0.03851518779993057 0.046578872948884964
