4 0.34339651465415955 0.8846176266670227 0.18708615005016327 0.23076476156711578
4 0.3440074920654297 0.705684244632721 0.18619537353515625 0.10896533727645874
4 0.6518372893333435 0.7045313715934753 0.18674050271511078 0.10776948183774948
5 0.7741147875785828 0.7214301228523254 0.04776344448328018 0.062062688171863556
5 0.22287209331989288 0.7199807167053223 0.04481091722846031 0.059119366109371185
5 0.22271597385406494 0.5604784488677979 0.04508695751428604 0.059059988707304
5 0.22565029561519623 0.33687230944633484 0.045792341232299805 0.06037587672472
5 0.22591176629066467 0.945207417011261 0.04478435590863228 0.06057287007570267
5 0.18418681621551514 0.6409217715263367 0.04572491720318794 0.05948150157928467
5 0.774103045463562 0.5619029402732849 0.047149088233709335 0.06108574569225311
5 0.7713760137557983 0.3391721248626709 0.047255802899599075 0.06314998120069504
5 0.8131200075149536 0.6410316228866577 0.04616279527544975 0.061520762741565704
4 0.6513595581054688 0.8843738436698914 0.18732452392578125 0.23125246167182922
5 0.76962810754776 0.9577160477638245 0.040204811841249466 0.04775140807032585
