4 0.3432748019695282 0.8839960098266602 0.1874709576368332 0.23200801014900208
4 0.3440590500831604 0.7052533626556396 0.1859571486711502 0.10846597701311111
4 0.6520642042160034 0.7046282291412354 0.1865064650774002 0.10861098021268845
5 0.22289729118347168 0.7200424075126648 0.04470653459429741 0.058597955852746964
5 0.7739114165306091 0.721663236618042 0.04733619838953018 0.06187435984611511
5 0.18387065827846527 0.6410614252090454 0.04591121897101402 0.05908050388097763
5 0.2226428985595703 0.5604801774024963 0.0447419174015522 0.058741942048072815
5 0.22569580376148224 0.33644524216651917 0.04546308517456055 0.059407785534858704
5 0.7738643884658813 0.561613917350769 0.046570587903261185 0.0605316162109375
5 0.22602640092372894 0.9449558854103088 0.044693756848573685 0.060030560940504074
5 0.7712820172309875 0.3388979732990265 0.04677123948931694 0.06272808462381363
4 0.6515350341796875 0.8850876688957214 0.18823853135108948 0.22982482612133026
5 0.813076913356781 0.6413879990577698 0.04544410854578018 0.061121802777051926
5 0.7696706652641296 0.9543516039848328 0.0399053581058979 0.044925443828105927
2 0.6915954947471619 0.04843803495168686 0.013719654642045498 0.02032250165939331
5 0.7694208025932312 0.9598103165626526 0.04075136408209801 0.030629709362983704
