5 0.773676335811615 0.721816897392273 0.0470697395503521 0.06147794798016548
5 0.22225239872932434 0.720642626285553 0.04495882987976074 0.05773976817727089
5 0.22510533034801483 0.9458693265914917 0.044779397547245026 0.05994417145848274
5 0.8126142621040344 0.6424975991249084 0.04623298719525337 0.061209727078676224
5 0.2228560745716095 0.5611109733581543 0.04386491701006889 0.058528002351522446
5 0.18344366550445557 0.6420698761940002 0.045578815042972565 0.06021226570010185
5 0.7725879549980164 0.5608895421028137 0.045064546167850494 0.06088323891162872
5 0.22526228427886963 0.3364649713039398 0.04588580131530762 0.0593385323882103
5 0.7712886929512024 0.3380824625492096 0.047200966626405716 0.061382126063108444
5 0.7689411044120789 0.9625158309936523 0.04059142991900444 0.02670562081038952
