5 0.7736929059028625 0.7205101251602173 0.04676799848675728 0.06021736189723015
5 0.22225622832775116 0.7191757559776306 0.045556116849184036 0.05871786177158356
5 0.22218851745128632 0.5593377351760864 0.04516496881842613 0.05755500867962837
5 0.22542285919189453 0.944038450717926 0.044745542109012604 0.060650087893009186
5 0.771248459815979 0.3368456959724426 0.046662330627441406 0.06129465252161026
5 0.8125795722007751 0.6401598453521729 0.04630851745605469 0.06112881377339363
5 0.18356351554393768 0.6400975584983826 0.044435884803533554 0.05868103355169296
5 0.22543635964393616 0.3349055051803589 0.045133113861083984 0.05947640538215637
5 0.7736349701881409 0.5604245066642761 0.046779729425907135 0.059532977640628815
5 0.7696213126182556 0.9592610001564026 0.037189483642578125 0.022891242057085037
