5 0.18308357894420624 0.6410229802131653 0.0458979606628418 0.06034873425960541
5 0.7727198600769043 0.7216855883598328 0.04731331020593643 0.06084274873137474
5 0.2243632823228836 0.33566468954086304 0.04617481306195259 0.059619754552841187
5 0.22415052354335785 0.9449676275253296 0.044376421719789505 0.059419065713882446
5 0.22136788070201874 0.7199730277061462 0.04430084303021431 0.05868702381849289
5 0.8120301365852356 0.6410172581672668 0.047019388526678085 0.06169953569769859
5 0.7705469131469727 0.3369029760360718 0.04645519331097603 0.059850387275218964
5 0.7724527716636658 0.5599768161773682 0.04525938257575035 0.061332784593105316
5 0.22141726315021515 0.5604280233383179 0.044919587671756744 0.058425936847925186
1 0.7556000351905823 0.4563608169555664 0.01698589324951172 0.02809961885213852
5 0.7681017518043518 0.9617047905921936 0.041089631617069244 0.024428844451904297
