4 0.34310266375541687 0.8854170441627502 0.18774814903736115 0.22692769765853882
4 0.34348708391189575 0.7085704803466797 0.18619166314601898 0.10667161643505096
4 0.6514545679092407 0.7062303423881531 0.18730096518993378 0.10587356984615326
5 0.7736214399337769 0.7225929498672485 0.04734983667731285 0.059878673404455185
5 0.22560946643352509 0.9464578032493591 0.04398641735315323 0.06067709997296333
5 0.7733888030052185 0.5621269941329956 0.04591808468103409 0.06094545125961304
5 0.2253461331129074 0.3372986912727356 0.04581909254193306 0.05895180627703667
5 0.22232404351234436 0.721786618232727 0.04406557232141495 0.05852621793746948
5 0.22279076278209686 0.5618189573287964 0.04332780838012695 0.057619769126176834
4 0.6517747044563293 0.8855961561203003 0.1876426786184311 0.22880768775939941
5 0.1832398623228073 0.64253169298172 0.045205116271972656 0.05911452695727348
5 0.8131700754165649 0.6424522399902344 0.045981265604496 0.061465080827474594
5 0.7717759013175964 0.33925238251686096 0.04779338836669922 0.06236047297716141
5 0.7698089480400085 0.954516589641571 0.039653778076171875 0.04578426852822304
5 0.7696529626846313 0.960739254951477 0.04022636637091637 0.030156465247273445
