4 0.34285181760787964 0.8828886151313782 0.1867242306470871 0.23035776615142822
4 0.34278467297554016 0.7044696807861328 0.18575100600719452 0.10884390771389008
5 0.18297678232192993 0.638984203338623 0.046338438987731934 0.0601416751742363
4 0.6517691016197205 0.7065395712852478 0.18568478524684906 0.10768691450357437
5 0.7737777233123779 0.7195059061050415 0.04663276672363281 0.060059867799282074
4 0.652115523815155 0.8860554099082947 0.1891632080078125 0.22788922488689423
5 0.22534875571727753 0.3340716063976288 0.04546656832098961 0.058510672301054
5 0.22560539841651917 0.944054365158081 0.044808387756347656 0.060727816075086594
5 0.771281898021698 0.33609625697135925 0.04696474224328995 0.06085791438817978
5 0.7730793952941895 0.5587306618690491 0.045516204088926315 0.06058599427342415
5 0.8125856518745422 0.6397131681442261 0.0460393913090229 0.061247825622558594
5 0.22248435020446777 0.7183049321174622 0.04423847422003746 0.057171210646629333
5 0.2225673496723175 0.559486985206604 0.04463248327374458 0.05838882550597191
5 0.7694745063781738 0.952888548374176 0.03885803371667862 0.044080380350351334
5 0.7696213722229004 0.9596960544586182 0.04039440304040909 0.029570451006293297
