5 0.775000 0.719207 0.046875 0.060543
5 0.813281 0.638831 0.045312 0.058455
5 0.185156 0.639875 0.045312 0.060543
5 0.772656 0.336117 0.045312 0.058455
5 0.225781 0.943633 0.045312 0.058455
5 0.222656 0.718163 0.045312 0.058455
5 0.222656 0.558455 0.042188 0.056367
5 0.225781 0.334029 0.045312 0.058455
5 0.775000 0.559499 0.043750 0.058455
5 0.769531 0.960334 0.042188 0.025052
2 0.881250 0.868476 0.015625 0.045929
2 0.847656 0.867432 0.020313 0.027140
2 0.879687 0.716075 0.021875 0.133612
2 0.832812 0.759916 0.031250 0.146138
2 0.904687 0.328810 0.015625 0.114823
2 0.858594 0.407098 0.048438 0.187891
2 0.668750 0.631524 0.031250 0.081420
2 0.779687 0.451983 0.040625 0.068894
2 0.690625 0.465553 0.043750 0.075157
2 0.275781 0.558455 0.057813 0.073069
