5 0.22546763718128204 0.9467681646347046 0.04452104493975639 0.05992148816585541
5 0.773137092590332 0.5630635619163513 0.04520759731531143 0.05962064489722252
5 0.7736133933067322 0.7229963541030884 0.046872328966856 0.059964556246995926
5 0.22264054417610168 0.721738338470459 0.04466233402490616 0.057572465389966965
5 0.8133066296577454 0.6418026089668274 0.04627346992492676 0.06288022547960281
5 0.22202108800411224 0.562558650970459 0.04520287737250328 0.05895104259252548
5 0.7715091109275818 0.33935296535491943 0.046572208404541016 0.06006757915019989
5 0.1834440529346466 0.6413671970367432 0.04572353512048721 0.05778219923377037
5 0.22515873610973358 0.33680206537246704 0.04589204862713814 0.05964447185397148
5 0.7692539095878601 0.9622097015380859 0.041056253015995026 0.026566604152321815
