5 0.7733752131462097 0.7218221426010132 0.04749717935919762 0.061414364725351334
5 0.18298980593681335 0.6413491368293762 0.046782948076725006 0.06110192835330963
5 0.22207550704479218 0.7207443118095398 0.04441385343670845 0.05745408684015274
5 0.22525358200073242 0.945655107498169 0.04412193223834038 0.06064154952764511
5 0.22246451675891876 0.5612896680831909 0.04547939449548721 0.05992390960454941
5 0.22518888115882874 0.3365686237812042 0.04597005993127823 0.059362996369600296
5 0.81292724609375 0.6411266922950745 0.04666895791888237 0.06225917488336563
5 0.771563708782196 0.33810627460479736 0.047269441187381744 0.06161295250058174
5 0.7730925679206848 0.5607066750526428 0.04585285112261772 0.06062871217727661
5 0.7691248059272766 0.9624207615852356 0.04032468795776367 0.026135407388210297
