5 0.7736703753471375 0.719893753528595 0.04752674326300621 0.061482664197683334
5 0.22249822318553925 0.7193740010261536 0.046137046068906784 0.05913262069225311
5 0.22233377397060394 0.5594462156295776 0.0454568974673748 0.058043159544467926
5 0.2256268709897995 0.33475568890571594 0.045038558542728424 0.05900048092007637
5 0.18361134827136993 0.6392706632614136 0.04552812501788139 0.058745384216308594
5 0.22553734481334686 0.9436808824539185 0.045890141278505325 0.06075190007686615
5 0.8124549984931946 0.6403599977493286 0.04721789434552193 0.06200127303600311
5 0.7713015079498291 0.33776330947875977 0.047098543494939804 0.06233212351799011
5 0.7737440466880798 0.5608002543449402 0.04710283502936363 0.06126082316040993
5 0.7687758803367615 0.9610984325408936 0.041883088648319244 0.02696428820490837
