5 0.22266876697540283 0.5616670250892639 0.04381251335144043 0.05813528597354889
5 0.22535820305347443 0.9469445943832397 0.04457531124353409 0.06055847182869911
5 0.7712742686271667 0.33894410729408264 0.047124672681093216 0.06185754016041756
5 0.22191862761974335 0.7222013473510742 0.045371901243925095 0.05956852808594704
5 0.18325188755989075 0.6433688998222351 0.04541606828570366 0.05969467759132385
5 0.7734376192092896 0.722801923751831 0.04661932215094566 0.05999131500720978
5 0.8129623532295227 0.6416260600090027 0.04696407541632652 0.06293985992670059
5 0.22507567703723907 0.33737418055534363 0.0456547737121582 0.060314077883958817
5 0.7732787132263184 0.5623397827148438 0.045745849609375 0.06032223254442215
5 0.7691343426704407 0.9634527564048767 0.04018669202923775 0.027979077771306038
