4 0.342187 0.883090 0.187500 0.233820
4 0.342969 0.703549 0.185938 0.108559
5 0.182812 0.639875 0.046875 0.060543
5 0.773438 0.720251 0.046875 0.058455
4 0.652344 0.706681 0.185938 0.106472
4 0.651563 0.885177 0.187500 0.229645
5 0.225000 0.944676 0.043750 0.060543
5 0.771875 0.337161 0.046875 0.060543
5 0.225781 0.334029 0.045312 0.058455
5 0.813281 0.638831 0.045312 0.062630
5 0.222656 0.719207 0.045312 0.056367
5 0.221875 0.559499 0.043750 0.058455
5 0.773438 0.560543 0.046875 0.060543
5 0.768750 0.960334 0.040625 0.025052
1 0.296875 0.401879 0.025000 0.035491
