5 0.7722249031066895 0.7220410704612732 0.04762020334601402 0.06100533902645111
5 0.18183724582195282 0.6406785845756531 0.04859013482928276 0.06297197192907333
5 0.2212684452533722 0.7206997275352478 0.04488081857562065 0.058753155171871185
5 0.7718249559402466 0.5603130459785461 0.04570350795984268 0.06213834509253502
5 0.22413082420825958 0.9457627534866333 0.04518098756670952 0.06150279566645622
5 0.22120030224323273 0.5611324906349182 0.04567866399884224 0.061136554926633835
5 0.8121660351753235 0.6412162184715271 0.04801449924707413 0.06409787386655807
5 0.2243061065673828 0.33663395047187805 0.04617886617779732 0.06032401695847511
5 0.7704609036445618 0.3383086323738098 0.04709167405962944 0.06127573177218437
5 0.7677568793296814 0.9625184535980225 0.040154457092285156 0.025316210463643074
