4 0.34295645356178284 0.883691668510437 0.18730583786964417 0.23154954612255096
4 0.34296825528144836 0.7046802043914795 0.18597684800624847 0.109990194439888
5 0.77357017993927 0.7206680774688721 0.04769153520464897 0.06185116991400719
5 0.22223185002803802 0.7196308970451355 0.04528069496154785 0.05903106555342674
5 0.22222617268562317 0.5600585341453552 0.04586973413825035 0.059186901897192
5 0.22498932480812073 0.3365253806114197 0.04551200941205025 0.061223104596138
5 0.2257268875837326 0.9447411894798279 0.044655799865722656 0.060119759291410446
4 0.6515448689460754 0.7063467502593994 0.1862810105085373 0.10742442309856415
5 0.7739307284355164 0.5615572929382324 0.04795951768755913 0.061935774981975555
5 0.1839389204978943 0.6402743458747864 0.044033218175172806 0.059840958565473557
4 0.6508501172065735 0.885299563407898 0.18804721534252167 0.22940096259117126
5 0.771403968334198 0.338190495967865 0.04800281673669815 0.06184333190321922
5 0.8127720952033997 0.6407396197319031 0.044998932629823685 0.060981638729572296
5 0.76935213804245 0.953604519367218 0.039724063128232956 0.044065091758966446
1 0.2915647625923157 0.15104931592941284 0.0157299991697073 0.022345494478940964
5 0.76908940076828 0.9598404169082642 0.040548134595155716 0.028465064242482185
