4 0.342969 0.883090 0.185938 0.229645
4 0.342969 0.704593 0.185938 0.110647
5 0.773438 0.720251 0.046875 0.062630
4 0.652344 0.705637 0.185938 0.108559
5 0.222656 0.719207 0.045312 0.056367
5 0.183594 0.640919 0.045312 0.058455
5 0.225781 0.944676 0.045312 0.060543
4 0.651563 0.885177 0.190625 0.229645
5 0.225781 0.335073 0.045312 0.060543
5 0.771875 0.337161 0.046875 0.060543
5 0.222656 0.559499 0.045312 0.058455
5 0.813281 0.639875 0.045312 0.060543
5 0.773438 0.560543 0.046875 0.060543
5 0.769531 0.959290 0.039062 0.027140
2 0.546094 0.006263 0.023438 0.008351
