4 0.34240326285362244 0.8848623633384705 0.1875075399875641 0.229421466588974
4 0.34254902601242065 0.7061832547187805 0.18533749878406525 0.10821826756000519
4 0.6510101556777954 0.7069991827011108 0.18646745383739471 0.10594327002763748
5 0.7735897302627563 0.721913754940033 0.0469396598637104 0.060895886272192
5 0.2254665344953537 0.336289644241333 0.045271873474121094 0.05857183411717415
5 0.22459712624549866 0.9456762075424194 0.04487180709838867 0.06079636886715889
4 0.6508168578147888 0.8858796954154968 0.18822479248046875 0.2282407134771347
5 0.22150035202503204 0.7210426926612854 0.04370376095175743 0.05838605388998985
5 0.18312294781208038 0.6418062448501587 0.04538383707404137 0.059807829558849335
5 0.7730369567871094 0.5617616176605225 0.0451749823987484 0.06053642928600311
5 0.22203068435192108 0.5609046220779419 0.04400377348065376 0.058182816952466965
5 0.7710138559341431 0.33873647451400757 0.046007443219423294 0.061634425073862076
5 0.8119538426399231 0.6421023607254028 0.04619655758142471 0.06171686574816704
5 0.7694450616836548 0.9541773796081543 0.039056967943906784 0.04591398313641548
5 0.7692596316337585 0.9597499370574951 0.03970852121710777 0.031189601868391037
