5 0.7736001014709473 0.7196570634841919 0.046880532056093216 0.06066002696752548
5 0.2222440093755722 0.5595868825912476 0.04512300714850426 0.058445464819669724
5 0.22567549347877502 0.9441462159156799 0.04539695009589195 0.06047985330224037
5 0.22241942584514618 0.7190843820571899 0.04561037942767143 0.05944327265024185
5 0.18344806134700775 0.6395316123962402 0.045307278633117676 0.059807319194078445
5 0.7709925770759583 0.33706381916999817 0.04670868068933487 0.062176477164030075
5 0.22571873664855957 0.33462274074554443 0.04496760293841362 0.05929947644472122
5 0.7736081480979919 0.5605584979057312 0.047080136835575104 0.06084771826863289
5 0.8126163482666016 0.6401609182357788 0.047126054763793945 0.061081793159246445
5 0.7687546610832214 0.9611776471138 0.04057130962610245 0.02574511431157589
