4 0.3436116874217987 0.8828874230384827 0.18710651993751526 0.23422515392303467
4 0.3444533050060272 0.7038746476173401 0.18619661033153534 0.10746482014656067
4 0.6523306965827942 0.7031813263893127 0.18680019676685333 0.10746456682682037
5 0.7738696932792664 0.718866229057312 0.046515464782714844 0.059796106070280075
5 0.22617559134960175 0.3340540826320648 0.04536762461066246 0.05880896747112274
5 0.18493957817554474 0.639373242855072 0.04424643516540527 0.05756940692663193
5 0.7720257639884949 0.3360428214073181 0.04699993133544922 0.061030060052871704
4 0.6514567136764526 0.8832661509513855 0.18720245361328125 0.23346775770187378
5 0.2258085310459137 0.9426348805427551 0.044240571558475494 0.06048673391342163
5 0.22307740151882172 0.7180005311965942 0.04430422931909561 0.05786209553480148
5 0.7743903994560242 0.5594913959503174 0.04654674604535103 0.061021268367767334
5 0.8130907416343689 0.6394054293632507 0.045415688306093216 0.05977444350719452
5 0.2227429896593094 0.5583557486534119 0.04434547573328018 0.05767965689301491
5 0.7699624300003052 0.9526779055595398 0.03918514400720596 0.04216471686959267
5 0.7694839835166931 0.9594064354896545 0.040636446326971054 0.026017669588327408
