5 0.18323902785778046 0.6409451365470886 0.04706568643450737 0.06191564351320267
5 0.7735311388969421 0.7222787141799927 0.04767246171832085 0.061569057404994965
5 0.22183676064014435 0.7207880616188049 0.04439592361450195 0.05830360949039459
5 0.2247699350118637 0.9460923671722412 0.04467802122235298 0.0602344386279583
5 0.8121921420097351 0.6413091421127319 0.048029519617557526 0.06280479580163956
5 0.22528333961963654 0.3368339240550995 0.04581156000494957 0.05978119745850563
5 0.7712038159370422 0.33846282958984375 0.046990394592285156 0.06144978851079941
5 0.22200968861579895 0.5613314509391785 0.045343637466430664 0.061120785772800446
5 0.7730640769004822 0.5605454444885254 0.04569568857550621 0.061260055750608444
5 0.7687661051750183 0.9628399610519409 0.040039923042058945 0.025338636711239815
