4 0.342969 0.883090 0.185938 0.229645
4 0.342969 0.705637 0.185938 0.108559
4 0.652344 0.705637 0.185938 0.108559
5 0.222656 0.720251 0.045312 0.058455
4 0.651563 0.887265 0.187500 0.225470
5 0.225781 0.944676 0.045312 0.060543
5 0.773438 0.721294 0.046875 0.060543
5 0.183594 0.641962 0.045312 0.060543
5 0.225781 0.336117 0.045312 0.058455
5 0.223438 0.560543 0.043750 0.056367
5 0.772656 0.560543 0.045312 0.060543
5 0.771094 0.337161 0.048438 0.060543
5 0.812500 0.641962 0.046875 0.060543
5 0.769531 0.959290 0.039062 0.031315
