4 0.342969 0.886221 0.185938 0.227557
4 0.342969 0.707724 0.185938 0.108559
5 0.182812 0.640919 0.046875 0.062630
5 0.773438 0.723382 0.046875 0.060543
5 0.225781 0.946764 0.045312 0.060543
5 0.812500 0.641962 0.046875 0.060543
5 0.222656 0.721294 0.045312 0.060543
5 0.772656 0.561587 0.045312 0.062630
5 0.222656 0.560543 0.045312 0.060543
4 0.651563 0.706681 0.187500 0.106472
5 0.771875 0.338205 0.046875 0.062630
4 0.651563 0.885177 0.187500 0.229645
5 0.225781 0.337161 0.045312 0.060543
5 0.769531 0.960334 0.039062 0.029228
