5 0.2221643179655075 0.7209975123405457 0.045059870928525925 0.05867275223135948
5 0.22505691647529602 0.9460342526435852 0.044432785362005234 0.06114639714360237
5 0.7741082310676575 0.7222325801849365 0.04714221879839897 0.059642691165208817
5 0.22514991462230682 0.3361917734146118 0.046140383929014206 0.059934101998806
5 0.8133296966552734 0.6418735980987549 0.04615597799420357 0.06161263585090637
5 0.7732387185096741 0.5621976852416992 0.045104410499334335 0.05903259292244911
5 0.7715522646903992 0.3381205201148987 0.04650726541876793 0.060560256242752075
5 0.18362505733966827 0.6418238282203674 0.04660816118121147 0.060361348092556
5 0.22220759093761444 0.5613913536071777 0.04522676393389702 0.05979138985276222
5 0.7693192362785339 0.9640932679176331 0.04034137725830078 0.030800711363554
1 0.9736992120742798 0.7410554885864258 0.01524963416159153 0.02493063174188137
