5 0.18347100913524628 0.6413379311561584 0.048575785011053085 0.06241361051797867
5 0.22718274593353271 0.9464309215545654 0.04492669180035591 0.060267820954322815
5 0.22409453988075256 0.7221657037734985 0.044928647577762604 0.059110574424266815
5 0.7725615501403809 0.3389328718185425 0.04718418046832085 0.061669912189245224
5 0.8144715428352356 0.6417542695999146 0.04736023023724556 0.06324516236782074
5 0.7750691771507263 0.7229645848274231 0.04650573804974556 0.059971947222948074
5 0.2272326499223709 0.3376437723636627 0.04559335857629776 0.058929190039634705
5 0.7748901844024658 0.5615584254264832 0.04545402526855469 0.061491709202528
5 0.22407574951648712 0.5618768334388733 0.0450504794716835 0.059148672968149185
5 0.7705819010734558 0.9619610905647278 0.041648007929325104 0.026817243546247482
