5 0.18290510773658752 0.6405636072158813 0.046636343002319336 0.061887867748737335
5 0.7736168503761292 0.7212387323379517 0.04743499681353569 0.06154229864478111
5 0.224941685795784 0.9454970955848694 0.04465055465698242 0.060402125120162964
5 0.22175370156764984 0.7207707762718201 0.04439324140548706 0.058184728026390076
5 0.22186847031116486 0.5611007213592529 0.04585232958197594 0.06022105738520622
5 0.22506867349147797 0.33660903573036194 0.045638181269168854 0.060042668133974075
5 0.7712309956550598 0.33816519379615784 0.0473443977534771 0.061866141855716705
5 0.8123738169670105 0.6412369012832642 0.04663391038775444 0.061266809701919556
5 0.7730127573013306 0.5603692531585693 0.045534323900938034 0.06110880896449089
5 0.7691767811775208 0.9627161026000977 0.04067859798669815 0.02741306833922863
