5 0.774580180644989 0.7200474143028259 0.04715004190802574 0.06061415374279022
5 0.2228172868490219 0.7188541293144226 0.044225502759218216 0.05756978690624237
5 0.22583234310150146 0.9439721703529358 0.044775914400815964 0.06040582060813904
5 0.8134760856628418 0.6387250423431396 0.047341346740722656 0.06363838911056519
5 0.18458162248134613 0.6399091482162476 0.046298813074827194 0.06101324036717415
5 0.772577702999115 0.33622604608535767 0.04696512222290039 0.06056255102157593
5 0.22562037408351898 0.3346567451953888 0.04541616514325142 0.059262972325086594
5 0.22301900386810303 0.5592851638793945 0.04421072080731392 0.05789092183113098
5 0.7745535969734192 0.559149980545044 0.04569854959845543 0.05996391922235489
5 0.7696544528007507 0.9614151120185852 0.04119110107421875 0.024631191045045853
