5 0.7737026810646057 0.7216943502426147 0.04663505777716637 0.06079930067062378
5 0.22563424706459045 0.945492684841156 0.045005131512880325 0.060367975383996964
5 0.22258630394935608 0.7210049033164978 0.044809915125370026 0.057843491435050964
5 0.773303210735321 0.5619409680366516 0.044904232025146484 0.06005719304084778
5 0.8130909204483032 0.6417191028594971 0.04596896097064018 0.060408879071474075
5 0.1837935894727707 0.6409186720848083 0.04704999923706055 0.05971774086356163
5 0.7716370820999146 0.33816301822662354 0.0462610237300396 0.05939740315079689
5 0.22551386058330536 0.33571892976760864 0.04551839828491211 0.05982280150055885
5 0.2224520444869995 0.5616518259048462 0.045226145535707474 0.05874691158533096
5 0.7695774435997009 0.9619879126548767 0.040563106536865234 0.02590579353272915
