4 0.342187 0.884134 0.187500 0.227557
4 0.342969 0.707724 0.185938 0.104384
4 0.651563 0.708768 0.187500 0.106472
5 0.773438 0.723382 0.046875 0.060543
5 0.225000 0.946764 0.043750 0.060543
5 0.183594 0.641962 0.045312 0.060543
5 0.221875 0.722338 0.043750 0.058455
5 0.225781 0.338205 0.045312 0.058455
5 0.771094 0.339248 0.048438 0.060543
5 0.222656 0.561587 0.045312 0.058455
5 0.772656 0.562630 0.045312 0.060543
5 0.812500 0.643006 0.046875 0.062630
4 0.651563 0.885177 0.187500 0.229645
1 0.114844 0.874739 0.020313 0.025052
5 0.769531 0.956159 0.039062 0.041754
5 0.769531 0.962422 0.039062 0.029228
1 0.647656 0.948852 0.014063 0.027140
2 0.657031 0.707724 0.042188 0.100209
2 0.594531 0.726514 0.020313 0.033403
2 0.667969 0.531315 0.017188 0.022965
2 0.905469 0.830898 0.029687 0.033403
