5 0.18198992311954498 0.6420940160751343 0.047934651374816895 0.06193755939602852
5 0.7724489569664001 0.7231723070144653 0.04747943952679634 0.060158621519804
5 0.22084930539131165 0.7219467163085938 0.04478049278259277 0.05888338014483452
5 0.811978280544281 0.642504870891571 0.04758415371179581 0.062411826103925705
5 0.2242305725812912 0.9476125240325928 0.04480447992682457 0.06050826609134674
5 0.7727245688438416 0.5618891716003418 0.045754242688417435 0.06105149909853935
5 0.2209763526916504 0.5622612237930298 0.045668043196201324 0.06124744191765785
5 0.7707722783088684 0.33900734782218933 0.04717741161584854 0.06134211644530296
5 0.2242802232503891 0.33788758516311646 0.045717716217041016 0.05910841003060341
5 0.7685057520866394 0.9634070992469788 0.040840912610292435 0.028529413044452667
