5 0.22578124701976776 0.9482031464576721 0.04498415067791939 0.06011096388101578
5 0.7729587554931641 0.5641483068466187 0.04428091272711754 0.05965670570731163
5 0.8133302927017212 0.6435286402702332 0.04724769666790962 0.06394318491220474
5 0.7735239267349243 0.7244138717651367 0.04719505459070206 0.06110778823494911
5 0.2257845401763916 0.33876073360443115 0.045415688306093216 0.05981254205107689
5 0.18337182700634003 0.6440140604972839 0.04706607013940811 0.059925056993961334
5 0.2224726527929306 0.563522219657898 0.04536428675055504 0.059316616505384445
5 0.22252975404262543 0.7235862612724304 0.04545145109295845 0.05971710383892059
5 0.7712792754173279 0.34090957045555115 0.046364881098270416 0.06075865030288696
1 0.681563675403595 0.14658930897712708 0.01685161702334881 0.024051483720541
5 0.7691408395767212 0.9637844562530518 0.0403783805668354 0.03148343786597252
5 0.7692910432815552 0.9567565321922302 0.039220619946718216 0.050825849175453186
