5 0.7723270058631897 0.7227741479873657 0.047081660479307175 0.0612403079867363
5 0.2244197577238083 0.9460659623146057 0.044135238975286484 0.06004483252763748
5 0.22511187195777893 0.3378860354423523 0.04569206386804581 0.059875234961509705
5 0.7729962468147278 0.5639886856079102 0.047926902770996094 0.05814165621995926
5 0.22173801064491272 0.7215852737426758 0.044614698737859726 0.05868549644947052
5 0.2216557115316391 0.5619044899940491 0.04582038149237633 0.06116461753845215
5 0.7699574828147888 0.33967986702919006 0.047307588160037994 0.061354923993349075
5 0.18463021516799927 0.6431558728218079 0.04480645805597305 0.06360882520675659
5 0.8105392456054688 0.642489492893219 0.04530453681945801 0.06029878556728363
5 0.7679733037948608 0.9621312618255615 0.04074516519904137 0.026234541088342667
