5 0.22250202298164368 0.5608316659927368 0.044728707522153854 0.058289848268032074
5 0.22287626564502716 0.7210395336151123 0.04508399963378906 0.058974489569664
5 0.7736075520515442 0.7217738628387451 0.04783153533935547 0.0621289499104023
5 0.18375657498836517 0.6413815021514893 0.04626934602856636 0.05959860235452652
5 0.2257688045501709 0.9454449415206909 0.044957973062992096 0.061597343534231186
5 0.7735545039176941 0.561930239200592 0.04692525789141655 0.06115518882870674
5 0.7713379263877869 0.338765949010849 0.04767780378460884 0.06256575137376785
5 0.22539778053760529 0.336419016122818 0.04487571865320206 0.059791773557662964
5 0.8127900958061218 0.641213059425354 0.04677143320441246 0.06227242574095726
5 0.7691465616226196 0.961810290813446 0.041030313819646835 0.02714459039270878
