5 0.7737789154052734 0.7193347811698914 0.046970367431640625 0.06092328205704689
5 0.22521625459194183 0.3338322043418884 0.04551582410931587 0.058239199221134186
5 0.8119983077049255 0.6395921111106873 0.04668274149298668 0.06058688834309578
5 0.22493112087249756 0.9432755708694458 0.04496264457702637 0.06051502004265785
5 0.22196295857429504 0.7185529470443726 0.044965554028749466 0.05883967503905296
5 0.18355442583560944 0.6394491791725159 0.044896721839904785 0.059555534273386
5 0.22245939075946808 0.5590497851371765 0.04458575323224068 0.05763732269406319
5 0.7709500193595886 0.33617109060287476 0.04618120193481445 0.05985191836953163
5 0.7730608582496643 0.5591875910758972 0.045290280133485794 0.059960734099149704
5 0.7687317132949829 0.9615951180458069 0.040673255920410156 0.024205856025218964
