4 0.343058705329895 0.8835705518722534 0.1871204823255539 0.23010101914405823
4 0.34368768334388733 0.7058314085006714 0.18620681762695312 0.10784517228603363
4 0.6523376703262329 0.7063719630241394 0.18537311255931854 0.10838238149881363
5 0.22264257073402405 0.7201923131942749 0.04405174404382706 0.05748594552278519
5 0.18274112045764923 0.6403218507766724 0.04755463823676109 0.06252879649400711
4 0.6518663763999939 0.886957049369812 0.18911075592041016 0.22608600556850433
5 0.7736493349075317 0.7214627265930176 0.04692268371582031 0.0601758249104023
5 0.7711037993431091 0.3380403220653534 0.047083474695682526 0.06061014160513878
5 0.2257070541381836 0.9452486634254456 0.04492225870490074 0.06052521616220474
5 0.22565419971942902 0.3363903760910034 0.045412302017211914 0.05926692113280296
5 0.7728980183601379 0.559803307056427 0.0453338623046875 0.06181548908352852
5 0.2224522829055786 0.5611379146575928 0.04494280740618706 0.06069086492061615
5 0.8127753138542175 0.6411698460578918 0.04634666442871094 0.06046048551797867
5 0.7693796157836914 0.9541643857955933 0.03931903839111328 0.04375086724758148
5 0.7691179513931274 0.9608846306800842 0.04020824655890465 0.027124201878905296
