5 0.7743938565254211 0.7187403440475464 0.04710045084357262 0.05939982458949089
5 0.7725458145141602 0.3359610140323639 0.046328067779541016 0.060320064425468445
5 0.22294464707374573 0.558499276638031 0.045271970331668854 0.05766535550355911
5 0.8131227493286133 0.6397274136543274 0.04700450971722603 0.061243366450071335
5 0.226287841796875 0.9425957798957825 0.04403352737426758 0.059843759983778
5 0.22329770028591156 0.7177162170410156 0.04454383999109268 0.05878692492842674
5 0.22660242021083832 0.3335809111595154 0.045800115913152695 0.05817567929625511
5 0.18481846153736115 0.6393530368804932 0.04331989213824272 0.057777103036642075
5 0.7750285267829895 0.5593314170837402 0.04688921198248863 0.06009175628423691
5 0.7691294550895691 0.9602019190788269 0.041896820068359375 0.024483762681484222
1 0.4032003581523895 0.8597849011421204 0.01255037821829319 0.022085553035140038
