4 0.343750 0.883090 0.187500 0.229645
4 0.344531 0.705637 0.185938 0.108559
4 0.652344 0.708768 0.185938 0.106472
5 0.774219 0.722338 0.045312 0.058455
4 0.652344 0.887265 0.189062 0.225470
5 0.223438 0.560543 0.043750 0.056367
5 0.223438 0.721294 0.043750 0.056367
5 0.226562 0.945720 0.043750 0.058455
5 0.225781 0.337161 0.045312 0.060543
5 0.772656 0.339248 0.045312 0.060543
5 0.774219 0.562630 0.045312 0.060543
5 0.185156 0.643006 0.045312 0.058455
5 0.813281 0.641962 0.045312 0.060543
5 0.769531 0.959290 0.039062 0.031315
