4 0.343750 0.885177 0.187500 0.229645
4 0.344531 0.705637 0.185938 0.108559
5 0.773438 0.721294 0.046875 0.060543
4 0.652344 0.706681 0.185938 0.106472
5 0.183594 0.640919 0.045312 0.058455
5 0.222656 0.720251 0.045312 0.058455
4 0.652344 0.886221 0.189062 0.227557
5 0.225781 0.944676 0.045312 0.060543
5 0.771875 0.337161 0.046875 0.060543
5 0.225781 0.336117 0.045312 0.058455
5 0.222656 0.560543 0.042188 0.056367
5 0.813281 0.641962 0.045312 0.060543
5 0.774219 0.560543 0.045312 0.060543
5 0.770312 0.960334 0.040625 0.029228
