5 0.18294300138950348 0.6403597593307495 0.04647820070385933 0.06116245314478874
5 0.7732699513435364 0.7213738560676575 0.04710808023810387 0.06133676692843437
5 0.22463834285736084 0.945691704750061 0.04457392916083336 0.060511451214551926
5 0.22155146300792694 0.7206665873527527 0.04428911209106445 0.057361070066690445
5 0.22170285880565643 0.5612058639526367 0.04576043039560318 0.060258012264966965
5 0.22491173446178436 0.3362850248813629 0.04599056392908096 0.06019780412316322
5 0.8122987747192383 0.6414116024971008 0.04679279401898384 0.06139219552278519
5 0.7712110877037048 0.33764883875846863 0.04737882688641548 0.06148814409971237
5 0.7730180025100708 0.5601410865783691 0.04571819305419922 0.06140073016285896
5 0.7690057754516602 0.9637362360954285 0.04026928171515465 0.02892187237739563
