5 0.7713330388069153 0.33568209409713745 0.04705781862139702 0.06003412976861
5 0.22219589352607727 0.5588712096214294 0.045084238052368164 0.058811768889427185
5 0.2256341427564621 0.9430301785469055 0.04423332214355469 0.05980871990323067
5 0.18463440239429474 0.6396762132644653 0.045266151428222656 0.05971812456846237
5 0.22563885152339935 0.3339190185070038 0.04520893096923828 0.05881049484014511
5 0.773364245891571 0.7188161611557007 0.047049906104803085 0.05951526761054993
5 0.8125831484794617 0.639645516872406 0.0451238639652729 0.05903310328722
5 0.22233784198760986 0.7183663249015808 0.0442623607814312 0.05800824612379074
5 0.7737976312637329 0.5607825517654419 0.047399330884218216 0.05853794142603874
5 0.768986165523529 0.9616557955741882 0.04230613633990288 0.02402491681277752
