5 0.22561891376972198 0.9468309879302979 0.04490489885210991 0.05995908007025719
5 0.7736368179321289 0.5631275177001953 0.044736482203006744 0.05913911759853363
5 0.7738825082778931 0.7229427099227905 0.04711437225341797 0.059672761708498
5 0.2226008027791977 0.7217376232147217 0.04444937780499458 0.05762394145131111
5 0.18333804607391357 0.6413940191268921 0.045996762812137604 0.058010414242744446
5 0.22217769920825958 0.5629412531852722 0.04460848495364189 0.058214541524648666
5 0.7716849446296692 0.33956852555274963 0.04611358791589737 0.05984286963939667
5 0.8134328126907349 0.6427872776985168 0.0462862029671669 0.06130949780344963
5 0.22577977180480957 0.3371777832508087 0.04543004184961319 0.05868358537554741
5 0.7695909738540649 0.9633851647377014 0.0417596809566021 0.028394218534231186
1 0.005940081086009741 0.6611761450767517 0.011880162172019482 0.025868967175483704
