5 0.22295907139778137 0.5614628791809082 0.04474182054400444 0.05826742202043533
5 0.7740159034729004 0.7220265865325928 0.04689521715044975 0.06095564737915993
5 0.22599823772907257 0.9458089470863342 0.04417996481060982 0.059731628745794296
5 0.7747175097465515 0.5626572370529175 0.047188568860292435 0.060891393572092056
5 0.8131958246231079 0.6413474678993225 0.04627537727355957 0.06247859448194504
5 0.18446879088878632 0.6416284441947937 0.04473576694726944 0.057807557284832
5 0.22283564507961273 0.7218769788742065 0.04452047497034073 0.05863860249519348
5 0.7718974351882935 0.3390595316886902 0.04672527313232422 0.06178172305226326
5 0.2261083573102951 0.3374952971935272 0.044885825365781784 0.059856120496988297
5 0.7694911360740662 0.9615146517753601 0.0405978225171566 0.02733546867966652
1 0.3089245557785034 0.10017922520637512 0.014250898733735085 0.0216818954795599
