5 0.7739148139953613 0.7201971411705017 0.046998023986816406 0.06043882295489311
5 0.2248523235321045 0.944328784942627 0.043885376304388046 0.05969531461596489
5 0.8129038214683533 0.6390571594238281 0.04670238494873047 0.06230377033352852
5 0.7715235948562622 0.336295485496521 0.04756574705243111 0.061195455491542816
5 0.18349622189998627 0.6397725343704224 0.04409289360046387 0.05801984295248985
5 0.22505001723766327 0.33396703004837036 0.04532776027917862 0.05905425548553467
5 0.22237424552440643 0.558917224407196 0.043927669525146484 0.05674371123313904
5 0.2221892923116684 0.7185717821121216 0.04450100660324097 0.0576612763106823
5 0.7732947468757629 0.5591799020767212 0.045977212488651276 0.05925561487674713
5 0.7689397931098938 0.960915744304657 0.03995056077837944 0.02405320294201374
