5 0.7723947763442993 0.7232701182365417 0.047662924975156784 0.060582809150218964
5 0.22497692704200745 0.9471985101699829 0.044907569885253906 0.060681432485580444
5 0.22204244136810303 0.7223851084709167 0.04545469209551811 0.059282850474119186
5 0.2217867225408554 0.5622700452804565 0.04675936698913574 0.060966476798057556
5 0.18396782875061035 0.643623411655426 0.04546308517456055 0.06261774152517319
5 0.22527137398719788 0.3380580544471741 0.04546108469367027 0.06037090718746185
5 0.7734970450401306 0.564134418964386 0.04776153713464737 0.05825863033533096
5 0.7705557942390442 0.33988139033317566 0.0468687079846859 0.061408184468746185
5 0.8117109537124634 0.6431481242179871 0.047118425369262695 0.06214092671871185
5 0.7681005001068115 0.9627358317375183 0.040557861328125 0.027630705386400223
