5 0.7735652923583984 0.7215113639831543 0.0476469062268734 0.061464570462703705
5 0.22145842015743256 0.7201018333435059 0.04417162016034126 0.059064704924821854
5 0.224439337849617 0.9453920125961304 0.04440784454345703 0.060923025012016296
5 0.22136326134204865 0.5606508851051331 0.04469194635748863 0.05818842351436615
5 0.8117678761482239 0.6412060856819153 0.046713829040527344 0.06176719814538956
5 0.2247130125761032 0.3361959159374237 0.0457119457423687 0.05912408232688904
5 0.7729830145835876 0.5607907772064209 0.04572315141558647 0.060974281281232834
5 0.7709183096885681 0.3380129635334015 0.046292494982481 0.06039945036172867
5 0.18365393579006195 0.641904354095459 0.04502465948462486 0.060245394706726074
5 0.7682138681411743 0.962522029876709 0.041116904467344284 0.026531053707003593
