5 0.7738634943962097 0.7230380177497864 0.046784210950136185 0.05950150638818741
5 0.22670817375183105 0.9462412595748901 0.044478513300418854 0.06009822338819504
5 0.2232363224029541 0.7220672369003296 0.044695284217596054 0.05890721082687378
5 0.22353620827198029 0.5622698664665222 0.04633226618170738 0.060937169939279556
5 0.8130471110343933 0.6430697441101074 0.04646587371826172 0.060209717601537704
5 0.7749639749526978 0.5640841126441956 0.047943878918886185 0.05802391842007637
5 0.7717511057853699 0.33979272842407227 0.04680977016687393 0.061601422727108
5 0.2266852855682373 0.337937593460083 0.045690011233091354 0.05918435379862785
5 0.18520863354206085 0.6429231762886047 0.04534902796149254 0.062295105308294296
5 0.7700280547142029 0.9626681804656982 0.04104480892419815 0.02724308706820011
