5 0.7735671401023865 0.7202478647232056 0.04759979248046875 0.06101222336292267
5 0.18298259377479553 0.6400564312934875 0.04642095789313316 0.06090391427278519
5 0.2225048542022705 0.7187440395355225 0.04408750683069229 0.05807412415742874
5 0.22543413937091827 0.9448203444480896 0.04437461122870445 0.06104496866464615
5 0.7716776728630066 0.33654066920280457 0.04750023037195206 0.06125763803720474
5 0.2251335233449936 0.3342689275741577 0.045717813074588776 0.059240419417619705
5 0.8129095435142517 0.6401151418685913 0.04643840715289116 0.06125495955348015
5 0.22207306325435638 0.559879720211029 0.0456998348236084 0.05972806364297867
5 0.7731091976165771 0.5600137114524841 0.046087171882390976 0.05905565619468689
5 0.7691635489463806 0.9613397717475891 0.040800001472234726 0.024775050580501556
