5 0.1828792244195938 0.6430662870407104 0.047055888921022415 0.06048494949936867
5 0.7731778025627136 0.722602367401123 0.04717559739947319 0.06017735227942467
5 0.22177648544311523 0.5618116855621338 0.0435907356441021 0.057621777057647705
5 0.22435002028942108 0.947128415107727 0.04453916475176811 0.06020105257630348
5 0.8120898604393005 0.6422468423843384 0.0476873405277729 0.062834233045578
5 0.22143273055553436 0.7214111089706421 0.04479476436972618 0.0594337172806263
5 0.7728447318077087 0.5624077320098877 0.04542827606201172 0.06081908196210861
5 0.2243497371673584 0.33732250332832336 0.04525146633386612 0.059902820736169815
5 0.7712889909744263 0.33871084451675415 0.04713726043701172 0.06140684708952904
5 0.7683038115501404 0.9629220366477966 0.04082126542925835 0.026015503332018852
