5 0.7739488482475281 0.719023585319519 0.04679527506232262 0.059128157794475555
5 0.8128811717033386 0.6395774483680725 0.045346833765506744 0.059955764561891556
5 0.7717437744140625 0.33612561225891113 0.04698906093835831 0.06047004088759422
5 0.22597137093544006 0.3341808021068573 0.04454498365521431 0.05693955719470978
5 0.22258906066417694 0.5583891868591309 0.044007398188114166 0.05711425468325615
5 0.2257232517004013 0.9431450963020325 0.0444273017346859 0.060293689370155334
5 0.18455514311790466 0.6392872929573059 0.04422905668616295 0.05675810948014259
5 0.7743348479270935 0.5602341890335083 0.04797563701868057 0.060207296162843704
5 0.2227339744567871 0.7184785008430481 0.04444475099444389 0.05810368433594704
1 0.23328344523906708 0.434297114610672 0.021369313821196556 0.02679392509162426
5 0.7691306471824646 0.9599547386169434 0.04119110107421875 0.024965036660432816
