5 0.773406445980072 0.7219616770744324 0.04739837720990181 0.06209760159254074
5 0.22134338319301605 0.7207668423652649 0.04403477907180786 0.05710164085030556
5 0.1827627718448639 0.6417683959007263 0.04646415635943413 0.06016996130347252
5 0.8120926022529602 0.6421309113502502 0.047003936022520065 0.062409915030002594
5 0.22423087060451508 0.9457147121429443 0.04423895105719566 0.06094876676797867
5 0.22152535617351532 0.5608237385749817 0.04341435432434082 0.057232119143009186
5 0.7708720564842224 0.33861881494522095 0.046847153455019 0.06253421306610107
5 0.7727310061454773 0.5612135529518127 0.04569664224982262 0.06022742763161659
5 0.2242671698331833 0.33687251806259155 0.04569688066840172 0.05978501960635185
5 0.7683965563774109 0.9625241160392761 0.04069919511675835 0.025258615612983704
1 0.6168885231018066 0.48732808232307434 0.016248703002929688 0.022080328315496445
1 0.2195167988538742 0.4611225128173828 0.019656706601381302 0.017604757100343704
