5 0.7732027769088745 0.7214697003364563 0.04757509380578995 0.06131089851260185
5 0.22200997173786163 0.561305820941925 0.04606828838586807 0.060003165155649185
5 0.22560997307300568 0.9455840587615967 0.04425449296832085 0.059500742703676224
5 0.22239267826080322 0.7207134366035461 0.044409990310668945 0.058295074850320816
5 0.22542257606983185 0.3369565010070801 0.045032598078250885 0.06020653247833252
5 0.18424394726753235 0.6424165964126587 0.044794272631406784 0.06214755028486252
5 0.7740249633789062 0.5638917088508606 0.04803791269659996 0.05829456448554993
5 0.8120750784873962 0.6413205862045288 0.04652218893170357 0.06087052822113037
5 0.7708410620689392 0.33878079056739807 0.04614010080695152 0.06084880232810974
5 0.7682272791862488 0.9619268178939819 0.04021167755126953 0.025387566536664963
