4 0.3433162271976471 0.8827036023139954 0.18760347366333008 0.23016370832920074
4 0.3435208201408386 0.7054333686828613 0.18615059554576874 0.10791933536529541
4 0.6519033312797546 0.7058692574501038 0.18632860481739044 0.10863939672708511
5 0.22270651161670685 0.7207044363021851 0.04509697109460831 0.059017810970544815
5 0.7736449837684631 0.722196638584137 0.04722175747156143 0.061423540115356445
5 0.2224119007587433 0.561021089553833 0.04450268670916557 0.05864064395427704
4 0.6518370509147644 0.8864798545837402 0.18917694687843323 0.2270403355360031
5 0.18356108665466309 0.6413556337356567 0.04635582119226456 0.05951450392603874
5 0.7734282612800598 0.5619068741798401 0.04615020751953125 0.060802262276411057
5 0.22501413524150848 0.3368247449398041 0.04484453424811363 0.06022704765200615
5 0.2258751392364502 0.9451812505722046 0.04477262496948242 0.06147119402885437
5 0.7713711261749268 0.33832716941833496 0.04768066480755806 0.06254969537258148
5 0.8128728270530701 0.6415292024612427 0.04542884975671768 0.06127190589904785
5 0.7696426510810852 0.9550846815109253 0.03865471109747887 0.045215073972940445
5 0.7695038914680481 0.9601964354515076 0.039547063410282135 0.031629081815481186
