5 0.22274470329284668 0.5608668327331543 0.044541265815496445 0.05858317390084267
5 0.18376424908638 0.6413506269454956 0.04705033451318741 0.059780560433864594
5 0.7734847068786621 0.7214242219924927 0.04776954650878906 0.06254714727401733
5 0.2226513922214508 0.7210636734962463 0.04506292566657066 0.05901564657688141
5 0.7737986445426941 0.5618076920509338 0.04747438430786133 0.06166793406009674
5 0.22563472390174866 0.9452579617500305 0.04490609094500542 0.06026514619588852
5 0.771294116973877 0.33884552121162415 0.04760999605059624 0.06272643059492111
5 0.8130664229393005 0.6417157649993896 0.04595375061035156 0.060846954584121704
5 0.22554273903369904 0.336428701877594 0.04520120844244957 0.060091596096754074
5 0.7693624496459961 0.961859941482544 0.04034538194537163 0.02791409194469452
