5 0.22474093735218048 0.9467224478721619 0.044147588312625885 0.060239277780056
5 0.1822451800107956 0.6418822407722473 0.04800114780664444 0.0627051517367363
5 0.2255212515592575 0.33777615427970886 0.045749761164188385 0.05885286256670952
5 0.7735293507575989 0.7229337692260742 0.04747657850384712 0.06033586710691452
5 0.7731283903121948 0.5618486404418945 0.04604196548461914 0.061530064791440964
5 0.22158026695251465 0.7218978404998779 0.04456731304526329 0.05880272388458252
5 0.8124724626541138 0.6424505710601807 0.047174643725156784 0.06196737661957741
5 0.2215748280286789 0.5619043707847595 0.04552760347723961 0.059939708560705185
5 0.771512508392334 0.3389965891838074 0.04764556884765625 0.06161416321992874
5 0.769370973110199 0.9628430008888245 0.04118633270263672 0.026267290115356445
