5 0.7740467190742493 0.7194249629974365 0.047475434839725494 0.06067417189478874
5 0.18445976078510284 0.6394033432006836 0.04638390615582466 0.05954279005527496
5 0.7722781300544739 0.3359854817390442 0.0470576286315918 0.060589179396629333
5 0.8131894469261169 0.6385148763656616 0.04663677141070366 0.06257364898920059
5 0.22559843957424164 0.9433272480964661 0.0450742244720459 0.06117328256368637
5 0.2228919118642807 0.7186691164970398 0.04495124891400337 0.05810496211051941
5 0.222427636384964 0.5586146116256714 0.04456844553351402 0.057635027915239334
5 0.22578676044940948 0.33439353108406067 0.04565386846661568 0.058961108326911926
5 0.7742978930473328 0.559443473815918 0.046642303466796875 0.06042467802762985
5 0.769670844078064 0.96186363697052 0.0417180061340332 0.024381188675761223
