5 0.22563181817531586 0.9484826922416687 0.04483747482299805 0.05971634015440941
5 0.7733792662620544 0.7251690626144409 0.04659710079431534 0.06053515523672104
5 0.7708310484886169 0.3419455885887146 0.04645729064941406 0.060347460210323334
5 0.2257872372865677 0.3393425941467285 0.04528513178229332 0.05932362377643585
5 0.2226652354001999 0.7241755723953247 0.04451909288764 0.05851079896092415
5 0.22231094539165497 0.5646833777427673 0.04430513456463814 0.05793344974517822
5 0.7735849618911743 0.5652092695236206 0.04540100321173668 0.05796275660395622
5 0.183772012591362 0.6449674367904663 0.04613642767071724 0.05902048945426941
5 0.8122684359550476 0.6456710696220398 0.046123456209897995 0.06029152125120163
5 0.7691560983657837 0.9638221263885498 0.04158325120806694 0.029560256749391556
1 0.6710983514785767 0.7095001935958862 0.014132118783891201 0.021201498806476593
