5 0.7736414670944214 0.7201910614967346 0.047527410089969635 0.060188692063093185
5 0.22195874154567719 0.7198094725608826 0.04481010511517525 0.059259530156850815
5 0.1829455941915512 0.6399627923965454 0.04641463980078697 0.06106115132570267
5 0.2250654250383377 0.9448831081390381 0.04496727138757706 0.06196431815624237
5 0.8128635287284851 0.6391434073448181 0.0478452704846859 0.06438177078962326
5 0.22535577416419983 0.33529993891716003 0.04561872407793999 0.058318011462688446
5 0.7710903882980347 0.3367248475551605 0.047016240656375885 0.061754774302244186
5 0.7728056311607361 0.5596516132354736 0.046114541590213776 0.06028537452220917
5 0.22227464616298676 0.5600598454475403 0.04499087482690811 0.05914128199219704
5 0.7688485980033875 0.9618737101554871 0.0406278632581234 0.02404148131608963
