5 0.7738270163536072 0.7198211550712585 0.04729662090539932 0.060542672872543335
5 0.2227696031332016 0.7188831567764282 0.04525155946612358 0.058635544031858444
5 0.22543230652809143 0.9441883563995361 0.04526224359869957 0.059951052069664
5 0.22263465821743011 0.5593254566192627 0.04483060911297798 0.05803105607628822
5 0.1835232973098755 0.6397385001182556 0.0457855723798275 0.05939740315079689
5 0.8128026127815247 0.6400233507156372 0.04614982753992081 0.06085651367902756
5 0.771181046962738 0.33700644969940186 0.04650173336267471 0.062287718057632446
5 0.22555528581142426 0.33460742235183716 0.04513216018676758 0.05950309708714485
5 0.7736286520957947 0.5605440735816956 0.047538187354803085 0.05998736619949341
1 0.666536808013916 0.0628388449549675 0.018940163776278496 0.029595250263810158
5 0.7691421508789062 0.9606318473815918 0.04060192033648491 0.025973709300160408
