5 0.18240095674991608 0.641271710395813 0.047960925847291946 0.06283129751682281
5 0.22474418580532074 0.946327805519104 0.04407854005694389 0.06087001785635948
5 0.7735937237739563 0.7227462530136108 0.04694805294275284 0.06060931459069252
5 0.22139957547187805 0.7218877673149109 0.0446380153298378 0.058598849922418594
5 0.8123221397399902 0.6420084238052368 0.04687004163861275 0.06159479543566704
5 0.7712091207504272 0.3388603925704956 0.046982575207948685 0.06253580749034882
5 0.7730091214179993 0.5611521601676941 0.04531574249267578 0.06075775995850563
5 0.22152088582515717 0.5614156126976013 0.04491572454571724 0.06024157255887985
5 0.22528870403766632 0.3369677662849426 0.04602866247296333 0.059821270406246185
4 0.34272441267967224 0.7066119313240051 0.1868799775838852 0.1106276884675026
4 0.6510040163993835 0.7072643041610718 0.18646183609962463 0.10698889940977097
5 0.7689993977546692 0.962161660194397 0.04040556028485298 0.02645307034254074
4 0.342404842376709 0.8854041695594788 0.1876637488603592 0.22816215455532074
