5 0.774526834487915 0.720076858997345 0.0470087043941021 0.06036721169948578
5 0.22292418777942657 0.7187809944152832 0.044321347028017044 0.0576709620654583
5 0.813418984413147 0.6387620568275452 0.04719200357794762 0.06349733471870422
5 0.22584080696105957 0.9438793063163757 0.04472179338335991 0.060366190969944
5 0.18465164303779602 0.6396961212158203 0.046132612973451614 0.06072055175900459
5 0.772620677947998 0.33613911271095276 0.04686851426959038 0.060717176645994186
5 0.2256811410188675 0.3346027731895447 0.04533886909484863 0.059320248663425446
5 0.22309251129627228 0.5593209862709045 0.04401760175824165 0.05782746523618698
5 0.7747229933738708 0.5590564608573914 0.04572582244873047 0.05955040454864502
5 0.7695299386978149 0.9613543748855591 0.041427042335271835 0.024612586945295334
