5 0.772773265838623 0.7233811616897583 0.04747066646814346 0.06089894473552704
5 0.22504392266273499 0.9468762278556824 0.044499874114990234 0.06043168529868126
5 0.221955344080925 0.7221086621284485 0.045506108552217484 0.05923302844166756
5 0.22540190815925598 0.33802875876426697 0.04529166221618652 0.059795722365379333
5 0.7736875414848328 0.564096987247467 0.04804744943976402 0.05820893496274948
5 0.2221805900335312 0.5624792575836182 0.04586401209235191 0.06109440699219704
5 0.18391230702400208 0.6436371803283691 0.0451202392578125 0.06212805584073067
5 0.7705540657043457 0.339875727891922 0.046857547014951706 0.06114193797111511
5 0.8119767308235168 0.643526017665863 0.04669780656695366 0.06094621866941452
5 0.7686423659324646 0.9629793167114258 0.04164266586303711 0.02672460675239563
