5 0.7738246321678162 0.7200261354446411 0.047769930213689804 0.0613330714404583
5 0.22235022485256195 0.55934077501297 0.04535036161541939 0.05844632536172867
5 0.22232942283153534 0.7187217473983765 0.044332411140203476 0.05793001130223274
5 0.1835092008113861 0.6396228671073914 0.045264601707458496 0.059719908982515335
5 0.8126455545425415 0.640059232711792 0.046132612973451614 0.06051068753004074
5 0.22508172690868378 0.9444491863250732 0.04458007961511612 0.06084389612078667
5 0.22524142265319824 0.33384349942207336 0.04551134258508682 0.05876768380403519
5 0.7715402841567993 0.33652010560035706 0.04749450832605362 0.06149642542004585
5 0.7729489803314209 0.5592227578163147 0.04611854627728462 0.059490546584129333
5 0.7689949870109558 0.9613212943077087 0.04061928018927574 0.024270713329315186
