4 0.3433259129524231 0.8815867304801941 0.1871410459280014 0.2323925793170929
4 0.34379854798316956 0.7035440802574158 0.1859876662492752 0.10570728778839111
4 0.6520934700965881 0.7041251063346863 0.18623609840869904 0.10807083547115326
5 0.7736884355545044 0.7194058299064636 0.04705467447638512 0.060627661645412445
4 0.6519696116447449 0.8847905993461609 0.18828697502613068 0.23041880130767822
5 0.22567692399024963 0.9437081217765808 0.045419979840517044 0.06081726774573326
5 0.18354907631874084 0.6391609311103821 0.04496584087610245 0.05853819474577904
5 0.22565288841724396 0.33388301730155945 0.045210886746644974 0.05931279435753822
5 0.7717766761779785 0.3360905945301056 0.048107147216796875 0.061448387801647186
5 0.22254513204097748 0.7181614637374878 0.044851064682006836 0.058192115277051926
5 0.8131366968154907 0.6390534043312073 0.04507274553179741 0.05944518372416496
5 0.22235922515392303 0.5585572719573975 0.04441337659955025 0.057683322578668594
5 0.7737047076225281 0.5593507289886475 0.04711437225341797 0.06047501042485237
5 0.7698922157287598 0.953057587146759 0.039138223975896835 0.043536290526390076
5 0.7697172164916992 0.9593505859375 0.03989019617438316 0.027958307415246964
