5 0.18269065022468567 0.6412822604179382 0.0469970703125 0.06157134845852852
5 0.2249770164489746 0.9460580945014954 0.04410867765545845 0.06065034121274948
5 0.22160661220550537 0.721405029296875 0.04454770311713219 0.05841701850295067
5 0.7736712694168091 0.7229147553443909 0.04697695001959801 0.060521263629198074
5 0.22228145599365234 0.5616028308868408 0.045501887798309326 0.05984261631965637
5 0.7732405662536621 0.5613246560096741 0.04589242860674858 0.061182424426078796
5 0.8126274347305298 0.6416307687759399 0.04683666303753853 0.06245604157447815
5 0.22515574097633362 0.3371686637401581 0.045641422271728516 0.06079636886715889
5 0.7715663313865662 0.33919820189476013 0.047718048095703125 0.062129393219947815
5 0.7686210870742798 0.9622701406478882 0.0402795784175396 0.02643943578004837
