4 0.3429839313030243 0.885280430316925 0.18718485534191132 0.22687876224517822
4 0.3433319628238678 0.7084923982620239 0.1856030523777008 0.1064939871430397
4 0.6515723466873169 0.7060763835906982 0.18758602440357208 0.10579317063093185
5 0.7736941576004028 0.7227213978767395 0.046808432787656784 0.05973188579082489
5 0.22550998628139496 0.9465866088867188 0.044486045837402344 0.060529038310050964
4 0.6518188118934631 0.8856871724128723 0.18781042098999023 0.22862565517425537
5 0.22283589839935303 0.5617387890815735 0.04351558908820152 0.057716865092515945
5 0.22251878678798676 0.7216387391090393 0.04413623735308647 0.057901594787836075
5 0.7731302380561829 0.5624336004257202 0.04566936567425728 0.060566022992134094
5 0.22539182007312775 0.33716216683387756 0.045617200434207916 0.05941689759492874
5 0.1831885725259781 0.6427661776542664 0.04488861560821533 0.05916167050600052
5 0.8133446574211121 0.6427400708198547 0.0458463691174984 0.061313703656196594
5 0.7716978192329407 0.33872824907302856 0.04761848598718643 0.0624023973941803
5 0.7697908282279968 0.9544049501419067 0.039469148963689804 0.04575878381729126
5 0.7696555256843567 0.9601885080337524 0.04012813791632652 0.030932718887925148
