5 0.18319158256053925 0.6409295797348022 0.04830284044146538 0.06209021061658859
5 0.22267256677150726 0.7211198806762695 0.04483633115887642 0.05777404457330704
5 0.7739800810813904 0.7225800156593323 0.047362711280584335 0.06065339967608452
5 0.22571097314357758 0.9458078145980835 0.045131634920835495 0.06145947426557541
5 0.8136354684829712 0.6405954957008362 0.047078706324100494 0.06354014575481415
5 0.7726029753684998 0.338344544172287 0.04631185531616211 0.06034166365861893
5 0.2228097915649414 0.5617305636405945 0.04497814178466797 0.05998864024877548
5 0.2257079929113388 0.3367901146411896 0.04524998739361763 0.05902577564120293
5 0.7742049098014832 0.560696542263031 0.04604625701904297 0.061162326484918594
5 0.7695263624191284 0.9624593257904053 0.04081859812140465 0.026732634752988815
1 0.8221939206123352 0.8819364905357361 0.015910720452666283 0.021595997735857964
2 0.7027521133422852 0.05521012097597122 0.013757705688476562 0.02193828485906124
