4 0.3427240252494812 0.884209394454956 0.18724274635314941 0.2292504757642746
4 0.34293124079704285 0.7057505249977112 0.18594889342784882 0.10803477466106415
4 0.6515268087387085 0.7075186371803284 0.18571911752223969 0.10605935007333755
5 0.18295830488204956 0.6406218409538269 0.046765636652708054 0.06136263161897659
5 0.77363520860672 0.7217065691947937 0.04725971445441246 0.06164092198014259
5 0.22176888585090637 0.7208256721496582 0.04428410530090332 0.05883751064538956
5 0.22523479163646698 0.33681929111480713 0.04582634195685387 0.05966448038816452
4 0.6514809131622314 0.886105477809906 0.1877661794424057 0.2277889996767044
5 0.7713202834129333 0.3383217453956604 0.04715309292078018 0.06122412532567978
5 0.8123497366905212 0.6409994959831238 0.047493934631347656 0.06368502974510193
5 0.22519879043102264 0.9456444978713989 0.04418354108929634 0.060978963971138
5 0.7727436423301697 0.56053626537323 0.04516296461224556 0.061544209718704224
5 0.22199371457099915 0.5614749193191528 0.045299481600522995 0.060551717877388
5 0.7694492936134338 0.9542261958122253 0.0388067252933979 0.045810516923666
5 0.7692262530326843 0.9604348540306091 0.03945465013384819 0.029956029728055
