5 0.7737865447998047 0.720306932926178 0.047594454139471054 0.060404419898986816
5 0.22267596423625946 0.7189885377883911 0.04436535760760307 0.05704633891582489
5 0.22271394729614258 0.5592672228813171 0.044004298746585846 0.057405922561883926
5 0.1832175999879837 0.641096830368042 0.04548778757452965 0.059382494539022446
5 0.2256603240966797 0.9447058439254761 0.04483947902917862 0.060460738837718964
5 0.7722139954566956 0.3366495668888092 0.04754648357629776 0.06156051903963089
5 0.8132732510566711 0.6398866176605225 0.04631466791033745 0.061166658997535706
5 0.22534659504890442 0.33477216958999634 0.04564361646771431 0.059305403381586075
5 0.7736722826957703 0.5598931312561035 0.04633970186114311 0.05971710383892059
5 0.769387423992157 0.961000382900238 0.04128723219037056 0.024568116292357445
