5 0.7723345160484314 0.7215127944946289 0.047037314623594284 0.06068984419107437
5 0.22185945510864258 0.7199535369873047 0.044570840895175934 0.05911032110452652
5 0.22443833947181702 0.9450176954269409 0.04437131807208061 0.06035319343209267
5 0.22510798275470734 0.3361360430717468 0.04524531587958336 0.059409890323877335
5 0.22138042747974396 0.5609372854232788 0.046439554542303085 0.05996764823794365
5 0.1840040534734726 0.6422407627105713 0.044653940945863724 0.06137104332447052
5 0.8114728927612305 0.6407293677330017 0.04643821716308594 0.060926083475351334
5 0.77285236120224 0.5635293126106262 0.04714469984173775 0.05838872864842415
5 0.7701883912086487 0.33830520510673523 0.04717426374554634 0.06111638993024826
5 0.7680678367614746 0.963405191898346 0.04053459316492081 0.02975049801170826
