4 0.34185367822647095 0.8847652077674866 0.18748120963573456 0.23046964406967163
4 0.3420906960964203 0.7059266567230225 0.1851426213979721 0.10731382668018341
4 0.650783896446228 0.7074622511863708 0.1867178976535797 0.10558763891458511
5 0.7729760408401489 0.7226916551589966 0.04683342203497887 0.060128677636384964
5 0.18258558213710785 0.6425236463546753 0.04640836641192436 0.06004203110933304
5 0.2209363728761673 0.7206119298934937 0.04373645782470703 0.05721529945731163
5 0.22399213910102844 0.9462755918502808 0.04443378373980522 0.06102471053600311
5 0.7728347182273865 0.5615667700767517 0.045099448412656784 0.06059475615620613
4 0.6501696705818176 0.8864022493362427 0.1890375167131424 0.22719553112983704
5 0.22419773042201996 0.3371095359325409 0.04578666761517525 0.05950099602341652
5 0.22155216336250305 0.5611411333084106 0.04325437545776367 0.057206891477108
5 0.812030017375946 0.6414522528648376 0.04683742672204971 0.06221584975719452
5 0.7708684802055359 0.33844009041786194 0.047524262219667435 0.06181497871875763
5 0.7688050270080566 0.9549347758293152 0.03967418894171715 0.044143836945295334
5 0.7684040069580078 0.9613250494003296 0.04050159454345703 0.027921736240386963
