4 0.342743843793869 0.8849765062332153 0.18739329278469086 0.2285892814397812
4 0.34287524223327637 0.7058882117271423 0.18584871292114258 0.10857568681240082
4 0.6515051126480103 0.7070044875144958 0.18595638871192932 0.10501589626073837
5 0.7735461592674255 0.7226796746253967 0.04660692438483238 0.0599927194416523
5 0.18289077281951904 0.6425527334213257 0.04608168825507164 0.060499731451272964
5 0.2226646989583969 0.5612702369689941 0.043924715369939804 0.05789114534854889
5 0.22186659276485443 0.7211524844169617 0.04391327127814293 0.05846620351076126
5 0.22496309876441956 0.9460362792015076 0.04373474046587944 0.06030171737074852
5 0.22512002289295197 0.3372519910335541 0.04549017176032066 0.05926131457090378
5 0.7712503671646118 0.3388429880142212 0.04669780656695366 0.06128133833408356
5 0.8125182390213013 0.641177237033844 0.04610557481646538 0.06222400441765785
5 0.7729334831237793 0.5615063309669495 0.044568922370672226 0.06012141332030296
4 0.651350200176239 0.8852141499519348 0.18683433532714844 0.22947409749031067
5 0.7698090076446533 0.9558879137039185 0.03959064558148384 0.04186731576919556
2 0.7884408831596375 0.02576850913465023 0.014242172241210938 0.021438132971525192
5 0.7696226239204407 0.9614076018333435 0.04016247019171715 0.02740338444709778
2 0.8584310412406921 0.4786728620529175 0.012171745300292969 0.019080432131886482
