5 0.7729817032814026 0.7217313051223755 0.04687175899744034 0.060955390334129333
5 0.22545824944972992 0.9454895257949829 0.04467048868536949 0.06098495423793793
5 0.22244901955127716 0.7204861044883728 0.04413357004523277 0.058630067855119705
5 0.22170467674732208 0.5612358450889587 0.04597843810915947 0.05996076762676239
5 0.18401198089122772 0.6422275900840759 0.04547829553484917 0.06194686144590378
5 0.22537890076637268 0.3365973234176636 0.04555845260620117 0.05876048281788826
5 0.7705850005149841 0.33813634514808655 0.0461977981030941 0.06110530346632004
5 0.7733703851699829 0.5638703107833862 0.04650001600384712 0.058216456323862076
5 0.8124744296073914 0.6427552103996277 0.04662365838885307 0.05826474726200104
5 0.7687713503837585 0.9622671604156494 0.04160461574792862 0.025537671521306038
