5 0.22565102577209473 0.9488247632980347 0.04510068893432617 0.05934413895010948
5 0.7732001543045044 0.5647995471954346 0.04533977434039116 0.05924258381128311
5 0.7736784815788269 0.7251155972480774 0.04728374630212784 0.06105771288275719
5 0.22575107216835022 0.3392278552055359 0.04543047025799751 0.059734176844358444
5 0.7713784575462341 0.3413688838481903 0.04692954942584038 0.061532869935035706
5 0.22239327430725098 0.5643113255500793 0.0440189354121685 0.05809425562620163
5 0.2227647304534912 0.7241658568382263 0.044848062098026276 0.05935446172952652
5 0.8133474588394165 0.6451338529586792 0.04629054293036461 0.061242856085300446
5 0.18331284821033478 0.6444912552833557 0.046117592602968216 0.05891307070851326
5 0.7693115472793579 0.9633731842041016 0.041344642639160156 0.030884554609656334
1 0.295950710773468 0.13429272174835205 0.014544772915542126 0.02170720510184765
