4 0.34295305609703064 0.884233295917511 0.1869395226240158 0.23007400333881378
4 0.34349462389945984 0.7059914469718933 0.18496309220790863 0.10874094814062119
5 0.7736480832099915 0.7208511829376221 0.047708895057439804 0.0617334321141243
5 0.22555814683437347 0.9449754953384399 0.04571981355547905 0.06098495423793793
4 0.6513364911079407 0.7048130631446838 0.1864108145236969 0.10752840340137482
5 0.22195039689540863 0.7196589112281799 0.04525328800082207 0.05929967015981674
5 0.1833055317401886 0.6398051977157593 0.04473085328936577 0.05856699123978615
5 0.22208313643932343 0.5599167943000793 0.04528870806097984 0.058170072734355927
5 0.22558045387268066 0.33589011430740356 0.04551820829510689 0.06062785163521767
5 0.7733744978904724 0.5612083077430725 0.046341706067323685 0.061514902859926224
5 0.7711371779441833 0.33795231580734253 0.046668242663145065 0.062308359891176224
5 0.8124625086784363 0.640796422958374 0.047040749341249466 0.06173470616340637
4 0.6513941884040833 0.8845891356468201 0.18765048682689667 0.23082171380519867
5 0.7691221237182617 0.9540507793426514 0.03954782709479332 0.04449361190199852
5 0.7687961459159851 0.9596654772758484 0.040255166590213776 0.030130470171570778
