4 0.34295889735221863 0.8843692541122437 0.1868394911289215 0.22961579263210297
4 0.3434201776981354 0.7067469358444214 0.1855364888906479 0.10834950953722
5 0.7739707827568054 0.7203351259231567 0.04679756239056587 0.059523675590753555
5 0.18286357820034027 0.6395794153213501 0.0472896583378315 0.06270591169595718
5 0.22242915630340576 0.7196199893951416 0.04412827640771866 0.058234803378582
4 0.6520289778709412 0.7040308713912964 0.18697987496852875 0.10728069394826889
5 0.771571934223175 0.3367163836956024 0.04707813262939453 0.06118730083107948
5 0.22572489082813263 0.9448740482330322 0.04489898681640625 0.061651114374399185
4 0.6515650153160095 0.8844382166862488 0.188149556517601 0.23112358152866364
5 0.8130518794059753 0.6402901411056519 0.04627704620361328 0.061311155557632446
5 0.22279193997383118 0.5597297549247742 0.04531049728393555 0.06009516492486
5 0.22564509510993958 0.3352852761745453 0.045285847038030624 0.05877908691763878
5 0.7730721831321716 0.559001624584198 0.045392610132694244 0.060800667852163315
5 0.7700733542442322 0.9534698128700256 0.03915748745203018 0.043632108718156815
5 0.7699432373046875 0.959948718547821 0.039981842041015625 0.027646251022815704
1 0.7737022638320923 0.4820452928543091 0.024861907586455345 0.02340628206729889
