5 0.7735288143157959 0.7224098443984985 0.04655885696411133 0.059703852981328964
5 0.22575907409191132 0.9458396434783936 0.04476947709918022 0.059676457196474075
5 0.22254037857055664 0.7213236689567566 0.04437828063964844 0.057507604360580444
5 0.2227538377046585 0.5616289377212524 0.04520678520202637 0.06056101992726326
5 0.18492405116558075 0.6422079801559448 0.046641018241643906 0.06419675052165985
5 0.7709158062934875 0.3393556773662567 0.04638099670410156 0.06063830107450485
5 0.22613076865673065 0.33757442235946655 0.045609474182128906 0.060328345745801926
5 0.774019181728363 0.5638240575790405 0.04705791547894478 0.05818600207567215
5 0.8122747540473938 0.6425501108169556 0.045783281326293945 0.060261961072683334
4 0.34354737401008606 0.581063985824585 0.1859205812215805 0.11389106512069702
5 0.768964946269989 0.9623029232025146 0.0407293327152729 0.02652582898736
