5 0.18313145637512207 0.6409193873405457 0.04746384546160698 0.06178669258952141
5 0.22261367738246918 0.7199881672859192 0.04442920908331871 0.05776894837617874
5 0.7738018035888672 0.7213590741157532 0.047600746154785156 0.06113671138882637
5 0.22566775977611542 0.9455727338790894 0.044904518872499466 0.06098393350839615
5 0.8131510019302368 0.6402547359466553 0.04724426195025444 0.062193043529987335
5 0.22556708753108978 0.3357637822628021 0.045778464525938034 0.058349866420030594
5 0.7715665698051453 0.33717459440231323 0.04723987728357315 0.06111657992005348
5 0.2224089354276657 0.5603805780410767 0.045165397226810455 0.05988839268684387
5 0.7735062837600708 0.5595560073852539 0.04643220826983452 0.06105465441942215
5 0.7694810032844543 0.961840808391571 0.04092540964484215 0.025223830714821815
