4 0.34309107065200806 0.8830545544624329 0.18752355873584747 0.22992505133152008
4 0.3432730734348297 0.7054837942123413 0.18591824173927307 0.10834390670061111
4 0.6513873934745789 0.7061618566513062 0.1858268827199936 0.10935257375240326
5 0.22263793647289276 0.7207077145576477 0.04514637216925621 0.05814879387617111
5 0.7737664580345154 0.7212929725646973 0.04662036895751953 0.06078719347715378
4 0.6511934399604797 0.8865039348602295 0.1885536164045334 0.22699223458766937
5 0.22251491248607635 0.560855507850647 0.043998148292303085 0.058103304356336594
5 0.2257087081670761 0.9454142451286316 0.0450199618935585 0.061305928975343704
5 0.7734752297401428 0.5623753070831299 0.04629230499267578 0.06020589545369148
5 0.22533774375915527 0.33610907196998596 0.0449560172855854 0.059125229716300964
5 0.18339133262634277 0.6410656571388245 0.0453704372048378 0.058657206594944
5 0.7712033987045288 0.3383602499961853 0.04688310623168945 0.061936669051647186
5 0.8126136660575867 0.6421641707420349 0.04546666145324707 0.05982464924454689
5 0.7695287466049194 0.9551148414611816 0.0389677993953228 0.04645909368991852
