5 0.7736260294914246 0.7202185988426208 0.04680042341351509 0.06049641594290733
5 0.18331336975097656 0.6392989754676819 0.04561877250671387 0.060001637786626816
5 0.22201457619667053 0.7187240123748779 0.04440401867032051 0.058113496750593185
5 0.2248011827468872 0.9448899626731873 0.04415082931518555 0.060141418129205704
5 0.7711683511734009 0.33583155274391174 0.0464598648250103 0.060627277940511703
5 0.22503848373889923 0.3342593014240265 0.04561624675989151 0.05916460230946541
5 0.22216291725635529 0.5595501065254211 0.04498801380395889 0.05789509788155556
5 0.8122944235801697 0.6393406987190247 0.045618247240781784 0.06194979324936867
5 0.7730086445808411 0.5599583983421326 0.044759370386600494 0.057217083871364594
5 0.76870197057724 0.9609867334365845 0.04058971628546715 0.02397407405078411
