5 0.774005115032196 0.7198957204818726 0.04761037975549698 0.060908883810043335
5 0.1829780787229538 0.6395828127861023 0.04595933109521866 0.060233164578676224
5 0.7718266248703003 0.3367522954940796 0.04750337824225426 0.06122501567006111
5 0.2220248281955719 0.718650221824646 0.044702328741550446 0.0582495853304863
5 0.2253558188676834 0.9441755414009094 0.04465236887335777 0.060947492718696594
5 0.8128580451011658 0.6399394273757935 0.04712429270148277 0.061261970549821854
5 0.22237153351306915 0.5593465566635132 0.044927120208740234 0.058310844004154205
5 0.22512872517108917 0.3341846764087677 0.04572420194745064 0.05921034514904022
5 0.7732009887695312 0.5594216585159302 0.04631519317626953 0.0591554269194603
5 0.7699422836303711 0.9636277556419373 0.040830232203006744 0.03529488667845726
