5 0.18271659314632416 0.6408053040504456 0.047670938074588776 0.06316565722227097
5 0.22159826755523682 0.7212050557136536 0.044800758361816406 0.0584668405354023
5 0.7734124064445496 0.7222201824188232 0.04771175608038902 0.06117366626858711
5 0.22473016381263733 0.9460148811340332 0.044710543006658554 0.06075890734791756
5 0.8120545744895935 0.6418356895446777 0.047400474548339844 0.06226809322834015
5 0.22510121762752533 0.33703726530075073 0.045670367777347565 0.06029037758708
5 0.2215946763753891 0.5615199208259583 0.04556598886847496 0.060901109129190445
5 0.7728136777877808 0.5603494048118591 0.045305538922548294 0.06170310452580452
5 0.7712444067001343 0.3388485014438629 0.04752044752240181 0.06159243732690811
5 0.7695377469062805 0.967860758304596 0.04154777526855469 0.03797520697116852
5 0.7695335745811462 0.9596580862998962 0.039980508387088776 0.05644439533352852
