5 0.182812 0.641962 0.046875 0.060543
5 0.225000 0.946764 0.043750 0.060543
5 0.221875 0.721294 0.043750 0.056367
5 0.773438 0.723382 0.046875 0.060543
5 0.773438 0.561587 0.046875 0.062630
5 0.221875 0.561587 0.043750 0.058455
5 0.812500 0.640919 0.046875 0.062630
5 0.771875 0.338205 0.046875 0.062630
5 0.224219 0.338205 0.045312 0.058455
5 0.768750 0.962422 0.040625 0.025052
2 0.390625 0.069937 0.031250 0.135699
2 0.235937 0.067850 0.087500 0.131524
2 0.246094 0.239040 0.026562 0.098121
2 0.155469 0.061587 0.045312 0.102296
