5 0.1834128051996231 0.6397461295127869 0.047808337956666946 0.06095832213759422
5 0.7737554907798767 0.7200360298156738 0.047884751111269 0.06116729602217674
5 0.7721990942955017 0.33569201827049255 0.047222234308719635 0.060847848653793335
5 0.22553721070289612 0.9440039992332458 0.04495654255151749 0.060439202934503555
5 0.8134297728538513 0.6394845843315125 0.046819496899843216 0.06121915578842163
5 0.22569619119167328 0.3341621458530426 0.045372772961854935 0.05883088335394859
5 0.22260740399360657 0.7185977697372437 0.04477672651410103 0.057755570858716965
5 0.22255603969097137 0.5594773888587952 0.04512643814086914 0.05938899144530296
5 0.7737380266189575 0.558631181716919 0.04614372178912163 0.06057911366224289
5 0.7695640921592712 0.9612788558006287 0.0412633903324604 0.025537924841046333
