4 0.3430043160915375 0.8849191069602966 0.18775272369384766 0.22868739068508148
4 0.34348151087760925 0.7074609994888306 0.18475642800331116 0.10720513015985489
5 0.2256181240081787 0.33878687024116516 0.04555526003241539 0.06070118397474289
5 0.22216951847076416 0.5623422861099243 0.0446748249232769 0.058544185012578964
4 0.6509339213371277 0.7064884305000305 0.1871059387922287 0.10681050270795822
5 0.7734182476997375 0.5633929967880249 0.046341896057128906 0.06114146113395691
5 0.2252569943666458 0.9463685750961304 0.04523048549890518 0.061098869889974594
5 0.7732453346252441 0.7231588363647461 0.04733734205365181 0.062172017991542816
5 0.770744800567627 0.3402222692966461 0.046527862548828125 0.06303402781486511
5 0.18341310322284698 0.6421735882759094 0.04476451873779297 0.05889803543686867
5 0.22201600670814514 0.7224960923194885 0.0448586605489254 0.06028617173433304
4 0.6511123776435852 0.8856817483901978 0.18823567032814026 0.22863654792308807
5 0.8122144937515259 0.6431406140327454 0.046157028526067734 0.0605103075504303
5 0.7685509920120239 0.9548670649528503 0.03983421251177788 0.04597374424338341
