5 0.7745155692100525 0.7196083068847656 0.047214604914188385 0.06055019050836563
5 0.22272367775440216 0.7187455296516418 0.044568825513124466 0.05800926685333252
5 0.225595623254776 0.9438002705574036 0.0450170524418354 0.06019289791584015
5 0.7725618481636047 0.3357977271080017 0.0466671958565712 0.06021500378847122
5 0.2257247418165207 0.33396533131599426 0.045438289642333984 0.05929100513458252
5 0.1844797432422638 0.6396279335021973 0.04569831117987633 0.05949641019105911
5 0.81362384557724 0.6374034881591797 0.04631214216351509 0.06377141922712326
5 0.22300778329372406 0.558703601360321 0.0442073829472065 0.057355497032403946
5 0.7742807865142822 0.558499276638031 0.04514665529131889 0.05909528583288193
5 0.7694299817085266 0.9610675573348999 0.04114875942468643 0.023953432217240334
1 0.39493387937545776 0.3628077208995819 0.01681818999350071 0.02008349820971489
