5 0.7736446857452393 0.7203407287597656 0.04712867736816406 0.060503680258989334
5 0.22189457714557648 0.7197150588035583 0.04437227174639702 0.05934286490082741
5 0.18355785310268402 0.6404881477355957 0.04548356682062149 0.05974462628364563
5 0.22538979351520538 0.9451633095741272 0.04508080706000328 0.06160065531730652
5 0.8125144839286804 0.6401773691177368 0.04663968086242676 0.06117379292845726
5 0.2223058044910431 0.5594019293785095 0.044846631586551666 0.0586133748292923
5 0.2253892421722412 0.3354783058166504 0.045723773539066315 0.05877399072051048
5 0.7712616920471191 0.33688586950302124 0.04674892500042915 0.06143984943628311
5 0.7727375030517578 0.5598917007446289 0.04549064859747887 0.05944187194108963
5 0.7687479853630066 0.96184241771698 0.039690591394901276 0.02426459640264511
1 0.9344162344932556 0.4722349941730499 0.013169479556381702 0.017138646915555
1 0.15695984661579132 0.43367087841033936 0.014912843704223633 0.020403645932674408
