4 0.3429189920425415 0.8841023445129395 0.18738770484924316 0.23179534077644348
4 0.3436252176761627 0.7056752443313599 0.1858682632446289 0.10831663757562637
4 0.6512722373008728 0.7046935558319092 0.18693123757839203 0.10786224901676178
5 0.2222486287355423 0.720093846321106 0.045415591448545456 0.059099361300468445
5 0.7737869620323181 0.7212067246437073 0.04799232631921768 0.062167685478925705
5 0.22557854652404785 0.3368737995624542 0.045423414558172226 0.05967174097895622
5 0.22214078903198242 0.5607723593711853 0.045179642736911774 0.058886438608169556
5 0.7735991477966309 0.561846137046814 0.04690093919634819 0.060914233326911926
5 0.2256670743227005 0.9451157450675964 0.04539790377020836 0.061138879507780075
5 0.18327520787715912 0.6411044001579285 0.044762637466192245 0.05921964719891548
5 0.7708728909492493 0.3392317593097687 0.04669475555419922 0.06275210529565811
4 0.6504122614860535 0.8843733072280884 0.18784065544605255 0.23125341534614563
5 0.8126468658447266 0.6409475207328796 0.04735317453742027 0.06263570487499237
5 0.7692379355430603 0.9543573260307312 0.03993377834558487 0.044745780527591705
5 0.7690075039863586 0.9598820805549622 0.040690042078495026 0.030426854267716408
