5 0.22225897014141083 0.561153769493103 0.04485607147216797 0.057717885822057724
5 0.22175507247447968 0.7214183807373047 0.04473990201950073 0.058145735412836075
5 0.7735499143600464 0.7229583263397217 0.04736633226275444 0.06001756340265274
5 0.22481456398963928 0.9459428787231445 0.04422755166888237 0.059203337877988815
5 0.7733396887779236 0.5621903538703918 0.046170424669981 0.06089700013399124
5 0.18338559567928314 0.6422547698020935 0.045493315905332565 0.05902137979865074
5 0.812867283821106 0.6412167549133301 0.04734916612505913 0.06338762491941452
5 0.7713969349861145 0.3392235338687897 0.047554779797792435 0.06291628628969193
5 0.22503264248371124 0.3370077908039093 0.04551243782043457 0.06037052348256111
0 0.6740993857383728 0.09468840807676315 0.1043476089835167 0.12304367870092392
5 0.768928587436676 0.9622645378112793 0.04110727459192276 0.02607080526649952
