5 0.7737321853637695 0.7213666439056396 0.0476648323237896 0.060596954077482224
5 0.22265510261058807 0.5600324273109436 0.04473414644598961 0.05931725353002548
5 0.22259898483753204 0.7195091843605042 0.04545164108276367 0.05946684628725052
5 0.1842881441116333 0.6408579349517822 0.04706115648150444 0.06020895391702652
5 0.7738409042358398 0.5612217783927917 0.04749145731329918 0.06143832206726074
5 0.22577157616615295 0.94498610496521 0.044629763811826706 0.06057554483413696
5 0.2258071005344391 0.33665719628334045 0.04550371319055557 0.05955132842063904
5 0.8129534125328064 0.6399794816970825 0.04697718843817711 0.06306142359972
5 0.7716190814971924 0.33818039298057556 0.047434426844120026 0.06296967715024948
5 0.7692145705223083 0.9616880416870117 0.04158439859747887 0.026335587725043297
