5 0.8129085898399353 0.6386122107505798 0.04595217853784561 0.06051450967788696
5 0.1839018315076828 0.6392703056335449 0.04637763649225235 0.058999717235565186
5 0.22585554420948029 0.9429094195365906 0.04488229751586914 0.059684865176677704
5 0.2225671112537384 0.5581965446472168 0.04439067840576172 0.057444021105766296
5 0.22554035484790802 0.33340778946876526 0.04558153077960014 0.05785878002643585
5 0.7716977000236511 0.3354286849498749 0.047258760780096054 0.06103209778666496
5 0.2228935807943344 0.7176803946495056 0.04511833190917969 0.05915249511599541
5 0.7734110355377197 0.718654215335846 0.047872353345155716 0.06046838313341141
5 0.7734547853469849 0.5586385130882263 0.04656067118048668 0.05963959917426109
5 0.7692204117774963 0.9616110920906067 0.040100861340761185 0.02634909376502037
