4 0.3432292640209198 0.8828408122062683 0.18735027313232422 0.22951564192771912
4 0.3434459865093231 0.7051446437835693 0.18603478372097015 0.10839869827032089
4 0.6520028114318848 0.7050331830978394 0.18630962073802948 0.10852063447237015
4 0.6517912745475769 0.8856468796730042 0.1882513016462326 0.2287062555551529
5 0.7735088467597961 0.7216064929962158 0.04675311967730522 0.06122654676437378
5 0.22253184020519257 0.7199099659919739 0.04404411464929581 0.05831928551197052
5 0.18312953412532806 0.6409366726875305 0.045945167541503906 0.06010930985212326
5 0.2255183309316635 0.3351905643939972 0.04556646570563316 0.05810534209012985
5 0.22250008583068848 0.5601707100868225 0.044405605643987656 0.05798684060573578
5 0.22586564719676971 0.9451965689659119 0.0451960563659668 0.061303380876779556
5 0.771660327911377 0.3372843563556671 0.047449495643377304 0.060885947197675705
5 0.7733256220817566 0.5597556233406067 0.045488547533750534 0.0607416108250618
5 0.8129620552062988 0.6411757469177246 0.045679282397031784 0.060133010149002075
5 0.7698315382003784 0.9540796875953674 0.03943290933966637 0.044450923800468445
5 0.7696955800056458 0.9605540037155151 0.04014911875128746 0.02816791646182537
