5 0.7737627029418945 0.7198211550712585 0.047014620155096054 0.06024361029267311
5 0.224836066365242 0.9440139532089233 0.044095229357481 0.05972755327820778
5 0.22228847444057465 0.5590397119522095 0.04410052299499512 0.05660099908709526
5 0.22507749497890472 0.3342444896697998 0.04535350948572159 0.058886948972940445
5 0.7714747786521912 0.33660081028938293 0.04674186930060387 0.06089410185813904
5 0.812677800655365 0.6393340826034546 0.04640650749206543 0.06114652380347252
5 0.22194452583789825 0.7183346152305603 0.04424239322543144 0.05751066282391548
5 0.18380457162857056 0.6401330232620239 0.04428556188941002 0.05858840048313141
5 0.7732675671577454 0.5591577887535095 0.045740317553281784 0.059122297912836075
5 0.7689099907875061 0.9607518911361694 0.040528394281864166 0.024643804877996445
