5 0.7732117772102356 0.7211149334907532 0.04736471176147461 0.0602685883641243
5 0.22163037955760956 0.7202773094177246 0.044382717460393906 0.059865422546863556
5 0.22165678441524506 0.5602537989616394 0.04494910314679146 0.05804968997836113
5 0.2243891805410385 0.9450766444206238 0.044072628021240234 0.06020194664597511
5 0.8122995495796204 0.6405850052833557 0.04735851287841797 0.06151451915502548
5 0.7733524441719055 0.5610320568084717 0.046199798583984375 0.06044519320130348
5 0.22527094185352325 0.3353641629219055 0.045241452753543854 0.058401089161634445
5 0.18351562321186066 0.6411646008491516 0.04462113603949547 0.05894135683774948
5 0.7708277702331543 0.3382943868637085 0.04658393934369087 0.061962854117155075
5 0.7680811882019043 0.9619623422622681 0.040143586695194244 0.026167262345552444
