4 0.3431755304336548 0.8824366331100464 0.18677078187465668 0.23078271746635437
4 0.3429602086544037 0.7045851349830627 0.18561625480651855 0.10841831564903259
4 0.6518189907073975 0.7050719261169434 0.18585272133350372 0.107748843729496
5 0.773693859577179 0.7201430201530457 0.04652061685919762 0.060215577483177185
5 0.22191345691680908 0.5601354241371155 0.045319270342588425 0.059697702527046204
4 0.651926577091217 0.8857905268669128 0.1892993003129959 0.22841905057430267
5 0.1840498298406601 0.6408770680427551 0.0455341599881649 0.06145361065864563
5 0.7737758159637451 0.5620400309562683 0.047356605529785156 0.05888185277581215
5 0.2255908101797104 0.9442635774612427 0.04449338838458061 0.06026501953601837
5 0.7709091305732727 0.33681023120880127 0.04628315195441246 0.061825428158044815
5 0.22212199866771698 0.718792200088501 0.04381370544433594 0.0577247329056263
5 0.812142014503479 0.6398074626922607 0.04677162319421768 0.06121329218149185
5 0.22556285560131073 0.33495640754699707 0.0455021858215332 0.05936656519770622
5 0.7695304155349731 0.9532459378242493 0.03930225595831871 0.04245829954743385
5 0.7692419290542603 0.9604706764221191 0.04019127041101456 0.02532321959733963
