5 0.7736579179763794 0.7195941209793091 0.04742412641644478 0.06122030317783356
5 0.2226000875234604 0.5585514307022095 0.04472751542925835 0.057197459042072296
5 0.22558175027370453 0.9436336159706116 0.04525795206427574 0.060628682374954224
5 0.1833907663822174 0.6394298076629639 0.045907068997621536 0.059264883399009705
5 0.8130192756652832 0.6395615935325623 0.04589824751019478 0.05951666831970215
5 0.7719876170158386 0.33543673157691956 0.04804039001464844 0.05981381610035896
5 0.2253200113773346 0.33417680859565735 0.04550189897418022 0.06029483675956726
5 0.22281137108802795 0.718725860118866 0.045293331146240234 0.05769236758351326
5 0.7734146118164062 0.5588083863258362 0.04645900800824165 0.05930068716406822
5 0.7692812085151672 0.9613705277442932 0.041039180010557175 0.023836331441998482
