4 0.343750 0.884134 0.187500 0.231733
0 0.928125 0.334029 0.143750 0.104384
4 0.344531 0.704593 0.185938 0.110647
5 0.775000 0.720251 0.046875 0.058455
5 0.223438 0.719207 0.043750 0.056367
4 0.652344 0.706681 0.185938 0.106472
4 0.652344 0.885177 0.189062 0.229645
5 0.185156 0.640919 0.045312 0.058455
5 0.771875 0.336117 0.046875 0.062630
5 0.226562 0.943633 0.043750 0.058455
5 0.813281 0.639875 0.045312 0.060543
5 0.775000 0.560543 0.046875 0.060543
5 0.223438 0.558455 0.043750 0.056367
5 0.226562 0.334029 0.046875 0.058455
5 0.769531 0.953027 0.039062 0.043841
5 0.770312 0.959290 0.040625 0.027140
2 0.506250 0.008351 0.018750 0.012526
