4 0.3434394896030426 0.885691225528717 0.18737564980983734 0.22777938842773438
4 0.3440290093421936 0.7086421251296997 0.18625621497631073 0.10644824802875519
4 0.6519832015037537 0.7064307332038879 0.18707828223705292 0.1052345484495163
5 0.7735161185264587 0.7227450609207153 0.04708919674158096 0.05965492129325867
4 0.6523784399032593 0.8851097226142883 0.18813304603099823 0.22978055477142334
5 0.22244124114513397 0.7219375967979431 0.044333841651678085 0.05893549695611
5 0.22586290538311005 0.9466681480407715 0.04507093504071236 0.06082771345973015
5 0.18412119150161743 0.6430881023406982 0.046467043459415436 0.06445261836051941
5 0.7743643522262573 0.564014732837677 0.04753465577960014 0.05874359980225563
5 0.222596675157547 0.5617331266403198 0.04510970041155815 0.06069863587617874
5 0.2259162962436676 0.33783864974975586 0.04547920450568199 0.05942823737859726
5 0.81313556432724 0.6422823071479797 0.04582362249493599 0.06074463576078415
5 0.7714052796363831 0.3389787971973419 0.04628496244549751 0.06121896207332611
5 0.7698659896850586 0.9546144008636475 0.0394197478890419 0.04596877470612526
