5 0.22576680779457092 0.9468243718147278 0.04481020197272301 0.060128167271614075
5 0.7734142541885376 0.5630850791931152 0.04533987119793892 0.059207670390605927
5 0.7735043168067932 0.7234331965446472 0.04744682461023331 0.06056204065680504
5 0.2255992889404297 0.33753207325935364 0.04555511474609375 0.05923939868807793
5 0.2226225584745407 0.7226012349128723 0.0449187271296978 0.05908891186118126
5 0.8133915066719055 0.6430649161338806 0.046027567237615585 0.060517825186252594
5 0.7714821100234985 0.3396284878253937 0.04648647457361221 0.059880331158638
5 0.22211122512817383 0.5629175901412964 0.04468522220849991 0.05851293355226517
5 0.18307335674762726 0.6421802043914795 0.04671907424926758 0.05916103348135948
5 0.7695778012275696 0.9626450538635254 0.04080543667078018 0.027422497048974037
