5 0.7730960845947266 0.7226062417030334 0.04700756072998047 0.0607520267367363
5 0.2242930680513382 0.9457502365112305 0.04441514238715172 0.059757113456726074
5 0.1833050549030304 0.6415808200836182 0.045508719980716705 0.06036338955163956
5 0.22189858555793762 0.5611202716827393 0.04433770105242729 0.058205656707286835
5 0.8121278882026672 0.6410214304924011 0.04724545404314995 0.06339514255523682
5 0.22529387474060059 0.33695492148399353 0.04557089880108833 0.059911105781793594
5 0.773235559463501 0.5616506338119507 0.04584989696741104 0.06117366626858711
5 0.7710224986076355 0.33855029940605164 0.04680805280804634 0.06144902482628822
5 0.2217090129852295 0.7214954495429993 0.04423966631293297 0.0583936981856823
5 0.7686557769775391 0.9637205004692078 0.040697287768125534 0.030121296644210815
5 0.7689754366874695 0.9552242755889893 0.039293862879276276 0.04773344472050667
