5 0.22248153388500214 0.5611716508865356 0.04399290308356285 0.05714699998497963
5 0.2254105657339096 0.9464056491851807 0.04438820108771324 0.059871792793273926
5 0.7736010551452637 0.7229162454605103 0.047139931470155716 0.06002304330468178
5 0.18333585560321808 0.6423338651657104 0.04577379301190376 0.059327319264411926
5 0.22230100631713867 0.7216488718986511 0.045079853385686874 0.05827353894710541
5 0.7732842564582825 0.5622826814651489 0.046026039868593216 0.060312673449516296
5 0.8129982352256775 0.641890287399292 0.04670105129480362 0.06190774217247963
5 0.771502673625946 0.33845141530036926 0.048227597028017044 0.06190392002463341
5 0.2252875417470932 0.3368546962738037 0.04556317254900932 0.060162827372550964
5 0.7694166302680969 0.9627588391304016 0.04079313203692436 0.02717670053243637
