5 0.2226417511701584 0.7204578518867493 0.044678688049316406 0.058091454207897186
5 0.7734798789024353 0.7216928005218506 0.046999551355838776 0.06125075742602348
5 0.18319784104824066 0.6411818861961365 0.04610953480005264 0.06021086499094963
5 0.22544927895069122 0.9453153610229492 0.04518118128180504 0.061423029750585556
5 0.2226313352584839 0.5601455569267273 0.044587280601263046 0.05844670534133911
5 0.8131027221679688 0.6409253478050232 0.04629478603601456 0.06078821420669556
5 0.7716044783592224 0.33730876445770264 0.047400858253240585 0.06128707155585289
5 0.7735341191291809 0.5602039098739624 0.04645662382245064 0.060490682721138
5 0.2253192514181137 0.3358669579029083 0.04611606523394585 0.059588342905044556
5 0.7698644995689392 0.9621309638023376 0.04084053263068199 0.02528359182178974
