4 0.34304189682006836 0.8835813999176025 0.1872478574514389 0.230502650141716
4 0.3436313271522522 0.7061365842819214 0.18552112579345703 0.10741015523672104
4 0.6519106030464172 0.7045204639434814 0.18657246232032776 0.10725584626197815
5 0.773605465888977 0.7202903032302856 0.04692335054278374 0.059574902057647705
5 0.22231054306030273 0.7193751335144043 0.04442787170410156 0.05792784318327904
5 0.18372128903865814 0.6411772966384888 0.04584240913391113 0.05928463488817215
5 0.2256145477294922 0.9444024562835693 0.04450254514813423 0.06065951660275459
5 0.22559809684753418 0.3349286615848541 0.045203354209661484 0.05849219486117363
4 0.6516474485397339 0.8844010829925537 0.1884913444519043 0.2311978042125702
5 0.7715721130371094 0.33657073974609375 0.04705352708697319 0.061445202678442
5 0.7732740640640259 0.560148298740387 0.04583273082971573 0.059470031410455704
5 0.22268877923488617 0.5591275691986084 0.043988943099975586 0.05730615183711052
5 0.8127326965332031 0.6401426196098328 0.04572029039263725 0.06055808812379837
5 0.7699806094169617 0.953519344329834 0.03947773203253746 0.04329635202884674
5 0.7698573470115662 0.9602722525596619 0.04035663604736328 0.026855215430259705
