4 0.342604398727417 0.884418785572052 0.18741007149219513 0.22988261282444
4 0.3428547978401184 0.7057742476463318 0.1860095113515854 0.10715989768505096
4 0.6513456702232361 0.707471489906311 0.18587379157543182 0.10580845922231674
4 0.6508912444114685 0.8866235017776489 0.18854884803295135 0.22675299644470215
5 0.773779034614563 0.7222586274147034 0.047091104090213776 0.060994382947683334
5 0.22182098031044006 0.720700204372406 0.04373044893145561 0.05671376734972
5 0.1833532601594925 0.6416565179824829 0.04535188898444176 0.06003081798553467
5 0.22487425804138184 0.9460490345954895 0.04411149024963379 0.06054305285215378
5 0.8122903108596802 0.6420192718505859 0.04618492349982262 0.06119927763938904
5 0.2222781628370285 0.560859203338623 0.043801404535770416 0.057854704558849335
5 0.7728546261787415 0.5609000325202942 0.04513397440314293 0.060593131929636
5 0.2249802201986313 0.3367602825164795 0.04574909433722496 0.05934859812259674
5 0.7713184356689453 0.33848127722740173 0.04731283336877823 0.06249057129025459
5 0.7691845297813416 0.9542357325553894 0.03859519958496094 0.045059747993946075
5 0.768926739692688 0.9603241086006165 0.039205074310302734 0.029616704210639
