5 0.22276341915130615 0.5614673495292664 0.04416460916399956 0.05763617530465126
5 0.22562864422798157 0.9469966292381287 0.044968511909246445 0.059730611741542816
5 0.7736174464225769 0.7228696942329407 0.04711132124066353 0.05954967066645622
5 0.8134922385215759 0.6416037678718567 0.04769916459918022 0.06364399939775467
5 0.18310420215129852 0.6430233716964722 0.046007730066776276 0.05879303812980652
5 0.7733263969421387 0.5620448589324951 0.04669189453125 0.06111107021570206
5 0.22262156009674072 0.7222046256065369 0.0452939048409462 0.05858203023672104
5 0.22537949681282043 0.3376702666282654 0.04578561708331108 0.059305403381586075
5 0.7717816233634949 0.33845433592796326 0.04831981658935547 0.06119367107748985
5 0.7697271108627319 0.9625855088233948 0.04061546549201012 0.026215173304080963
