5 0.7734567523002625 0.7214632630348206 0.04807434231042862 0.061376139521598816
5 0.22153177857398987 0.720387876033783 0.04510173946619034 0.05926016718149185
5 0.1836162805557251 0.6410993933677673 0.0451996810734272 0.05985013395547867
5 0.22156058251857758 0.5606845021247864 0.04505458101630211 0.05861490219831467
5 0.22441397607326508 0.9457332491874695 0.04467497020959854 0.06088326871395111
5 0.22485780715942383 0.3361552357673645 0.04554033279418945 0.05927036330103874
5 0.8121070265769958 0.641075074672699 0.047311972826719284 0.06139550730586052
5 0.7710074782371521 0.3371552526950836 0.046674538403749466 0.06054037809371948
5 0.773129403591156 0.559730052947998 0.045625876635313034 0.06074998527765274
1 0.9152757525444031 0.32889503240585327 0.021071244031190872 0.023139460012316704
5 0.7679392099380493 0.9620979428291321 0.04029054567217827 0.024159729480743408
