5 0.22248545289039612 0.5618342161178589 0.044882632791996 0.058513347059488297
5 0.7734441161155701 0.5626164078712463 0.04653358459472656 0.06130669265985489
5 0.2250501960515976 0.9467509984970093 0.04556307941675186 0.060621801763772964
5 0.7735304236412048 0.7231871485710144 0.04756965860724449 0.061143338680267334
5 0.8130607008934021 0.6408159136772156 0.04775524139404297 0.06459035724401474
5 0.22189295291900635 0.7226126790046692 0.045464228838682175 0.059423524886369705
5 0.22551918029785156 0.3382642865180969 0.045176126062870026 0.06018168479204178
5 0.7713282704353333 0.3395228981971741 0.04756202921271324 0.062373217195272446
5 0.18338966369628906 0.6428554654121399 0.045688726007938385 0.05939001217484474
5 0.7689940333366394 0.9624480605125427 0.040454961359500885 0.028692513704299927
