5 0.7735101580619812 0.7207574248313904 0.04778728634119034 0.061483174562454224
5 0.22267957031726837 0.7199787497520447 0.04484844207763672 0.05858189985156059
5 0.8130635619163513 0.6393621563911438 0.046969033777713776 0.06403594464063644
5 0.22570763528347015 0.9453765749931335 0.04487438127398491 0.060378298163414
5 0.22254562377929688 0.5599001049995422 0.045198358595371246 0.05872359499335289
5 0.1833673119544983 0.6411314010620117 0.04555671289563179 0.059587132185697556
5 0.2255547046661377 0.335180401802063 0.04555397108197212 0.05843950808048248
5 0.7716919779777527 0.3372189402580261 0.04758730158209801 0.06143793836236
5 0.7733079791069031 0.5600014328956604 0.046439554542303085 0.06022946909070015
5 0.769618034362793 0.9618157744407654 0.04086151346564293 0.025402475148439407
