5 0.2258993238210678 0.9476754069328308 0.04510173946619034 0.06009019538760185
5 0.7738340497016907 0.7241789698600769 0.047713469713926315 0.06255683302879333
5 0.22251181304454803 0.7228584885597229 0.04498796537518501 0.05947372689843178
5 0.771385669708252 0.34001004695892334 0.04625997692346573 0.05992754176259041
5 0.8130311965942383 0.6425931453704834 0.04650592803955078 0.06239385902881622
5 0.7735461592674255 0.5646312832832336 0.045845985412597656 0.05857234448194504
5 0.18404191732406616 0.6442539691925049 0.04524977132678032 0.06127598509192467
5 0.2223236858844757 0.5632685422897339 0.04513139650225639 0.05901806801557541
5 0.225246861577034 0.3381968140602112 0.04614715650677681 0.060327839106321335
5 0.7694243788719177 0.96356600522995 0.04169445112347603 0.027840951457619667
