5 0.773438 0.719207 0.046875 0.060543
5 0.183594 0.639875 0.045312 0.060543
5 0.225781 0.944676 0.045312 0.060543
5 0.812500 0.639875 0.046875 0.060543
5 0.222656 0.718163 0.045312 0.058455
5 0.222656 0.559499 0.045312 0.058455
5 0.225781 0.334029 0.045312 0.058455
5 0.771875 0.335073 0.046875 0.060543
5 0.772656 0.559499 0.045312 0.058455
5 0.768750 0.961378 0.040625 0.022965
2 0.897656 0.306889 0.010937 0.016701
1 0.815625 0.781837 0.012500 0.022965
2 0.814844 0.844468 0.014063 0.048017
2 0.900000 0.817328 0.009375 0.022965
