4 0.343289852142334 0.8843188881874084 0.1880117505788803 0.22907476127147675
4 0.34339675307273865 0.7073904871940613 0.1852489560842514 0.10555782169103622
4 0.652069628238678 0.7074415683746338 0.18747206032276154 0.10544785857200623
5 0.22279058396816254 0.5620800256729126 0.04322824627161026 0.056847941130399704
5 0.7734968066215515 0.7233200669288635 0.04705314710736275 0.06071290746331215
5 0.2257131189107895 0.9470490217208862 0.04470353201031685 0.06006254628300667
4 0.6519820690155029 0.8863524198532104 0.1893574744462967 0.2272951751947403
5 0.7735242247581482 0.5624903440475464 0.04626769945025444 0.06051858887076378
5 0.18313363194465637 0.6433476209640503 0.04533806070685387 0.05837636813521385
5 0.7720068693161011 0.33959725499153137 0.047548770904541016 0.06180606037378311
5 0.22544530034065247 0.3377784490585327 0.045516062527894974 0.05993359535932541
5 0.8128874897956848 0.6425897479057312 0.04497985914349556 0.059300944209098816
5 0.22260938584804535 0.7227808833122253 0.04455823823809624 0.05782386660575867
5 0.7699167132377625 0.9554687142372131 0.04006967693567276 0.04523329436779022
5 0.7697829604148865 0.9611452221870422 0.04095182567834854 0.030860599130392075
