4 0.34345290064811707 0.8843047618865967 0.18744735419750214 0.23016779124736786
4 0.3430548310279846 0.7060372829437256 0.18556909263134003 0.1094607561826706
4 0.6524338722229004 0.7064298987388611 0.18542003631591797 0.10764028131961823
5 0.22266684472560883 0.561507523059845 0.044036008417606354 0.05799279734492302
5 0.773855984210968 0.7228221297264099 0.04662685468792915 0.061067141592502594
5 0.7739130258560181 0.5627331733703613 0.04599571228027344 0.06036418676376343
4 0.6520782709121704 0.8866243958473206 0.18919029831886292 0.22675122320652008
5 0.18430453538894653 0.6417422294616699 0.046285320073366165 0.058855731040239334
5 0.22260497510433197 0.7217822074890137 0.04426431655883789 0.05843804031610489
5 0.22584520280361176 0.3379068374633789 0.04555225372314453 0.060508839786052704
5 0.22571098804473877 0.9460464715957642 0.04422016069293022 0.06127190589904785
5 0.7716290354728699 0.3392297923564911 0.046607401221990585 0.06174011901021004
5 0.812961995601654 0.6425568461418152 0.04473476484417915 0.06016205996274948
5 0.7698233127593994 0.956384003162384 0.038520146161317825 0.04752650856971741
