5 0.226562 0.946764 0.043750 0.060543
5 0.223438 0.722338 0.046875 0.058455
5 0.222656 0.562630 0.045312 0.060543
5 0.814063 0.641962 0.046875 0.060543
5 0.225781 0.337161 0.045312 0.060543
5 0.775781 0.722338 0.048438 0.062630
5 0.184375 0.640919 0.043750 0.058455
5 0.771875 0.339248 0.046875 0.060543
5 0.774219 0.563674 0.045312 0.058455
5 0.770312 0.963466 0.040625 0.035491
1 0.456250 0.982255 0.031250 0.035491
2 0.782813 0.812109 0.012500 0.012526
5 0.770312 0.955115 0.040625 0.048017
2 0.726562 0.488518 0.018750 0.025052
