5 0.22273293137550354 0.5619179010391235 0.04442734643816948 0.05816013365983963
5 0.7731990218162537 0.5625501871109009 0.04667940363287926 0.06150002405047417
5 0.7735871076583862 0.7230242490768433 0.04701128229498863 0.05993881821632385
5 0.18326349556446075 0.6421297192573547 0.046120502054691315 0.059151094406843185
5 0.22536396980285645 0.9465311765670776 0.04510083422064781 0.05988466367125511
5 0.7711088061332703 0.3392540216445923 0.04695568233728409 0.06290806829929352
5 0.22553680837154388 0.3378406763076782 0.04493827745318413 0.059915244579315186
5 0.22224512696266174 0.7221417427062988 0.045339345932006836 0.05967377871274948
5 0.8125579953193665 0.6426753997802734 0.0468047633767128 0.061981648206710815
5 0.7684921622276306 0.9616769552230835 0.0403042808175087 0.027687789872288704
