5 0.1829574555158615 0.6398288607597351 0.0469331257045269 0.06048138067126274
5 0.7735614776611328 0.7207276225090027 0.0470854751765728 0.060417670756578445
5 0.22561846673488617 0.9443238377571106 0.045404624193906784 0.06048877164721489
5 0.22280143201351166 0.718736469745636 0.04480266571044922 0.057756077498197556
5 0.8133875727653503 0.638900101184845 0.047301292419433594 0.0635252371430397
5 0.7723069190979004 0.33647269010543823 0.04732990264892578 0.061660416424274445
5 0.22241103649139404 0.5597766637802124 0.045087289065122604 0.05936261638998985
5 0.22541122138500214 0.3346063196659088 0.04543457180261612 0.05976374074816704
5 0.7737088203430176 0.5591254830360413 0.04626178741455078 0.059708982706069946
5 0.7691963315010071 0.9650474190711975 0.038710594177246094 0.03333105891942978
1 0.06726034730672836 0.3918410539627075 0.014144373126327991 0.01804971508681774
5 0.7689785361289978 0.9576887488365173 0.03818225860595703 0.04864693060517311
