4 0.3427189886569977 0.8856995701789856 0.18755845725536346 0.22794745862483978
4 0.34298914670944214 0.7078632116317749 0.18589463829994202 0.10814512521028519
4 0.6515364050865173 0.8852748274803162 0.18789997696876526 0.22945040464401245
5 0.18333770334720612 0.6412586569786072 0.04561030864715576 0.06043066829442978
4 0.6511111259460449 0.7069063782691956 0.18668489158153534 0.10555285215377808
5 0.7734413146972656 0.7222811579704285 0.04650993272662163 0.06035013496875763
5 0.22482290863990784 0.94603431224823 0.04385709762573242 0.05969085544347763
5 0.22533643245697021 0.3369459807872772 0.04584355279803276 0.05985535681247711
5 0.22182801365852356 0.7211510539054871 0.04404954984784126 0.05835648998618126
5 0.7729946970939636 0.5611013174057007 0.04507580026984215 0.06113288924098015
5 0.8121968507766724 0.6421653032302856 0.04636745527386665 0.06124413013458252
5 0.2225518673658371 0.5611065626144409 0.04421701654791832 0.05846518278121948
5 0.7711737751960754 0.33879080414772034 0.04690666124224663 0.062075939029455185
5 0.7690693140029907 0.9543468952178955 0.038790132850408554 0.04557223990559578
5 0.7687641382217407 0.9602170586585999 0.03932247310876846 0.03054739534854889
