5 0.7737067341804504 0.7218567132949829 0.04717063903808594 0.06269113719463348
5 0.2222812920808792 0.5608951449394226 0.04496827349066734 0.05827099084854126
5 0.2220643013715744 0.7213132977485657 0.045042503625154495 0.057781435549259186
5 0.8123859763145447 0.6415614485740662 0.04670071601867676 0.06195157766342163
5 0.2254820317029953 0.9457386136054993 0.04481325298547745 0.06097068265080452
5 0.772925853729248 0.5615891814231873 0.04600105434656143 0.060501035302877426
5 0.183719202876091 0.6416801810264587 0.045378874987363815 0.06048278138041496
5 0.2247624397277832 0.33655551075935364 0.045855142176151276 0.05974564701318741
5 0.7711374759674072 0.3380934000015259 0.04698610305786133 0.06188901141285896
5 0.7694830298423767 0.9652842283248901 0.04100770875811577 0.03264641761779785
5 0.7698234915733337 0.9569458961486816 0.03991451486945152 0.05183681473135948
