5 0.22493600845336914 0.9461508393287659 0.043904878199100494 0.05971328169107437
5 0.7727801203727722 0.7231094241142273 0.04729156568646431 0.06058217212557793
5 0.2253006547689438 0.3376462757587433 0.045438479632139206 0.05946895107626915
5 0.7701329588890076 0.339405357837677 0.04698019102215767 0.061250120401382446
5 0.2219306081533432 0.7218313217163086 0.04399489238858223 0.05829787626862526
5 0.2218695729970932 0.5617165565490723 0.04558119922876358 0.060666523873806
5 0.7732898592948914 0.5640567541122437 0.04766731336712837 0.057956513017416
5 0.18442796170711517 0.6430371403694153 0.0448484905064106 0.06243539974093437
5 0.8113425374031067 0.6420987844467163 0.045435141772031784 0.059278517961502075
1 0.7674090266227722 0.03706109896302223 0.022549057379364967 0.04420088976621628
4 0.3428679406642914 0.5817432999610901 0.18545523285865784 0.11511889845132828
5 0.7678454518318176 0.9635055661201477 0.04038200527429581 0.030322114005684853
