5 0.7738098502159119 0.7204375863075256 0.04756784439086914 0.06105554476380348
5 0.18379688262939453 0.6397160887718201 0.04651980474591255 0.06068168953061104
5 0.22560523450374603 0.9441931247711182 0.04483781009912491 0.06080019101500511
5 0.813086211681366 0.639517605304718 0.046860694885253906 0.06184072047472
5 0.2226821482181549 0.5592982769012451 0.04410958290100098 0.057732123881578445
5 0.7723444104194641 0.33656084537506104 0.04688606411218643 0.061878181993961334
5 0.22564613819122314 0.3344075679779053 0.045104026794433594 0.05863114818930626
5 0.22279782593250275 0.718354344367981 0.04432068020105362 0.056966572999954224
5 0.7739555835723877 0.5591916441917419 0.045996762812137604 0.05945993587374687
5 0.7698511481285095 0.9619319438934326 0.04095573350787163 0.02682182937860489
