5 0.7732228636741638 0.7191260457038879 0.04646921157836914 0.05928514152765274
5 0.22526340186595917 0.9434950351715088 0.04473824426531792 0.060021642595529556
5 0.770667552947998 0.33660614490509033 0.04628448560833931 0.05950061231851578
5 0.22187280654907227 0.5591127872467041 0.04548176750540733 0.05804966017603874
5 0.2252107858657837 0.33445343375205994 0.04507565498352051 0.059051960706710815
5 0.22222130000591278 0.7185365557670593 0.04467668756842613 0.057538826018571854
5 0.1841600388288498 0.6397517919540405 0.04373359680175781 0.05840389430522919
5 0.8120428323745728 0.6397376656532288 0.045998334884643555 0.05904584378004074
5 0.7733657360076904 0.5617543458938599 0.045899391174316406 0.05719045177102089
5 0.7685632705688477 0.9609859585762024 0.04158344492316246 0.023710183799266815
2 0.8662323355674744 0.863799512386322 0.011062812991440296 0.015781983733177185
