5 0.22198627889156342 0.7204456329345703 0.04452233389019966 0.057918667793273926
5 0.22252455353736877 0.560431182384491 0.04474496841430664 0.057805899530649185
5 0.7735911011695862 0.7210028171539307 0.04675483703613281 0.060865048319101334
5 0.2253458946943283 0.3353363871574402 0.04520778730511665 0.05746377259492874
5 0.2251417487859726 0.9456878900527954 0.04499030113220215 0.05978616699576378
5 0.812274158000946 0.6407264471054077 0.046851541846990585 0.061254579573869705
5 0.183538556098938 0.6413619518280029 0.04533262178301811 0.059387464076280594
5 0.7727645635604858 0.5603201389312744 0.045289136469364166 0.06026081368327141
5 0.7711613178253174 0.3375672996044159 0.04692363739013672 0.061026621609926224
5 0.7689273953437805 0.9622280597686768 0.04072313383221626 0.025010015815496445
1 0.21742787957191467 0.3930939733982086 0.03232831880450249 0.04510001093149185
