5 0.22397322952747345 0.949318528175354 0.04499778896570206 0.06086466833949089
5 0.7725200057029724 0.7248280644416809 0.04701748117804527 0.06126120314002037
5 0.771791934967041 0.5645585656166077 0.044377900660037994 0.05952788144350052
5 0.1824316680431366 0.6450050473213196 0.047805238515138626 0.05952941253781319
5 0.8119684457778931 0.6447184681892395 0.04720878601074219 0.06259327381849289
5 0.7704216837882996 0.3415226340293884 0.04672393947839737 0.060927994549274445
5 0.22115211188793182 0.7242112159729004 0.04490851238369942 0.06026476249098778
5 0.22112059593200684 0.5640387535095215 0.04559073597192764 0.059205759316682816
5 0.2241196185350418 0.33960890769958496 0.04568624496459961 0.06011071056127548
5 0.7683534026145935 0.9636660218238831 0.04064292833209038 0.028653521090745926
