5 0.22307820618152618 0.5619165897369385 0.04421424865722656 0.058828845620155334
5 0.1830918788909912 0.6429213881492615 0.04617314413189888 0.05990415811538696
5 0.2259632647037506 0.9471794962882996 0.04507265239953995 0.05990314111113548
5 0.7738367915153503 0.7228778004646301 0.04717273637652397 0.05958649516105652
5 0.8134223818778992 0.6425724029541016 0.0465330146253109 0.061564214527606964
5 0.22264467179775238 0.7225302457809448 0.04491586610674858 0.05903182923793793
5 0.22566953301429749 0.33768630027770996 0.04546718671917915 0.059528518468141556
5 0.7735124826431274 0.561922550201416 0.04656524583697319 0.06060485169291496
5 0.7719532251358032 0.3389919400215149 0.04741668701171875 0.062402140349149704
5 0.7700960040092468 0.9629557728767395 0.04124736785888672 0.02866409718990326
