5 0.7726383209228516 0.7226589322090149 0.04703216627240181 0.06056344136595726
5 0.22475242614746094 0.9457290768623352 0.04396209865808487 0.05992633104324341
5 0.22506240010261536 0.3373931050300598 0.045523740351200104 0.06025291234254837
5 0.22160060703754425 0.5616751313209534 0.04571833834052086 0.060621801763772964
5 0.22190196812152863 0.721608579158783 0.043967392295598984 0.05801984295248985
5 0.7701399922370911 0.3392702341079712 0.04719524458050728 0.06155465543270111
5 0.18414349853992462 0.6427543759346008 0.04511690139770508 0.06307722628116608
5 0.811488151550293 0.6425721049308777 0.045804213732481 0.05909847095608711
5 0.7731102705001831 0.563981294631958 0.04737606272101402 0.05801525339484215
5 0.768333375453949 0.9631872773170471 0.04095048829913139 0.02837739884853363
