5 0.22266235947608948 0.7208589911460876 0.044794466346502304 0.05814344063401222
5 0.22555533051490784 0.9455713033676147 0.04518575593829155 0.060748711228370667
5 0.7736693620681763 0.7221454977989197 0.04767322540283203 0.060928504914045334
5 0.22230923175811768 0.5615721940994263 0.04570212587714195 0.060358673334121704
5 0.1839190274477005 0.6419916152954102 0.04618263244628906 0.0634298026561737
5 0.7740235328674316 0.5636669993400574 0.04813041910529137 0.058123692870140076
5 0.8127104043960571 0.6418329477310181 0.04562893137335777 0.06058013439178467
5 0.7711057066917419 0.33828645944595337 0.04755287244915962 0.06061096861958504
5 0.22584302723407745 0.33641982078552246 0.04565119743347168 0.05962536111474037
5 0.7695056200027466 0.9621887803077698 0.040850069373846054 0.02635546587407589
