5 0.773680567741394 0.7215669751167297 0.047422219067811966 0.061065610498189926
5 0.22272352874279022 0.5599666237831116 0.04429740831255913 0.057377889752388
5 0.1838078498840332 0.6417815685272217 0.04682636260986328 0.05998481810092926
5 0.22274553775787354 0.720446765422821 0.044881392270326614 0.05912790447473526
5 0.22571180760860443 0.9456184506416321 0.04521536827087402 0.06138607859611511
5 0.8133363127708435 0.6404047012329102 0.04671173170208931 0.06192851439118385
5 0.22530114650726318 0.335945725440979 0.04546856880187988 0.058617834001779556
5 0.7723719477653503 0.33790895342826843 0.046602439135313034 0.06047583743929863
5 0.7741777300834656 0.5603259205818176 0.045438479632139206 0.05998201295733452
5 0.7697828412055969 0.9619864821434021 0.04010515287518501 0.025202549993991852
2 0.9610824584960938 0.44477179646492004 0.02806549146771431 0.08834991604089737
