5 0.1812545359134674 0.6412393450737 0.04777121543884277 0.061874739825725555
5 0.7720986604690552 0.7231104969978333 0.04741973802447319 0.060693155974149704
5 0.2208530455827713 0.7220767736434937 0.04532453045248985 0.05881928652524948
5 0.7719863057136536 0.5619184374809265 0.04562873765826225 0.06121087074279785
5 0.22403359413146973 0.9468945860862732 0.04486513137817383 0.06074183061718941
5 0.22072313725948334 0.5622918009757996 0.04583711549639702 0.060188692063093185
5 0.8119287490844727 0.642488420009613 0.04720311239361763 0.06188149377703667
5 0.7704797983169556 0.33886802196502686 0.04740658029913902 0.06102171540260315
5 0.22383427619934082 0.3375774919986725 0.04569988325238228 0.0597437359392643
5 0.7680522799491882 0.9624108672142029 0.04102068021893501 0.026097435504198074
