5 0.225781 0.946764 0.045312 0.060543
5 0.773438 0.723382 0.046875 0.060543
5 0.771094 0.340292 0.045312 0.058455
5 0.221875 0.563674 0.043750 0.058455
5 0.225781 0.338205 0.045312 0.058455
5 0.221875 0.722338 0.043750 0.058455
5 0.184375 0.641962 0.046875 0.056367
5 0.813281 0.645094 0.045312 0.058455
5 0.774219 0.564718 0.045312 0.056367
5 0.769531 0.963466 0.042188 0.031315
1 0.631250 0.079332 0.015625 0.025052
1 0.911719 0.272443 0.017188 0.027140
1 0.790625 0.860125 0.009375 0.025052
2 0.598437 0.811065 0.018750 0.031315
2 0.578906 0.875783 0.023438 0.027140
2 0.586719 0.131524 0.023438 0.041754
