5 0.2228381633758545 0.5623689293861389 0.043822288513183594 0.05757768824696541
5 0.225423201918602 0.9467520117759705 0.04420223459601402 0.05974411591887474
5 0.7736473083496094 0.7228954434394836 0.04704799875617027 0.05997946485877037
5 0.18324299156665802 0.6424316763877869 0.04544191434979439 0.059350255876779556
5 0.22248755395412445 0.7214195132255554 0.044756412506103516 0.05834323912858963
5 0.7736454010009766 0.5620311498641968 0.046597670763731 0.060968514531850815
5 0.771809995174408 0.3390072286128998 0.04781675338745117 0.06178032234311104
5 0.22551393508911133 0.3373282551765442 0.045455075800418854 0.05934847146272659
5 0.8133477568626404 0.6425920724868774 0.04625339433550835 0.061343900859355927
5 0.7692179679870605 0.9624562859535217 0.040677260607481 0.026811126619577408
