4 0.3434794247150421 0.8848478198051453 0.18727289140224457 0.22978296875953674
4 0.3441750407218933 0.706527054309845 0.18630719184875488 0.10810766369104385
4 0.6519311666488647 0.7076849341392517 0.1858861893415451 0.1059030070900917
5 0.7738921046257019 0.7216852307319641 0.04635906219482422 0.06016486510634422
5 0.18356148898601532 0.640833854675293 0.04656357690691948 0.06006445735692978
4 0.6522424817085266 0.8862488269805908 0.18765468895435333 0.22750243544578552
5 0.2225632220506668 0.7204797267913818 0.044196274131536484 0.057475496083498
5 0.22570310533046722 0.9452916383743286 0.044747449457645416 0.06043359637260437
5 0.22556181252002716 0.3360656797885895 0.045148659497499466 0.05883687362074852
5 0.7719231843948364 0.33793312311172485 0.046805381774902344 0.06117589399218559
5 0.8135137557983398 0.6416611075401306 0.045322369784116745 0.06073520705103874
5 0.22290456295013428 0.5607172846794128 0.04338078573346138 0.05693802982568741
5 0.7737473845481873 0.560684084892273 0.0458189956843853 0.06099604070186615
5 0.7700651288032532 0.9539622068405151 0.03933906555175781 0.04491206631064415
5 0.7698655128479004 0.9602692127227783 0.0403011329472065 0.029083825647830963
