5 0.7748727798461914 0.7223502397537231 0.0475032813847065 0.06233575567603111
5 0.2264258712530136 0.9461844563484192 0.04460911825299263 0.06041779741644859
5 0.18454252183437347 0.6412020921707153 0.04434363916516304 0.058611080050468445
5 0.7748570442199707 0.5627191662788391 0.04607143625617027 0.061455171555280685
5 0.2232593148946762 0.7221604585647583 0.045571234077215195 0.05969544127583504
5 0.8139330744743347 0.6417385339736938 0.04743633419275284 0.06330734491348267
5 0.22665925323963165 0.3375336527824402 0.0457247756421566 0.0604810006916523
5 0.7723495364189148 0.33969226479530334 0.04596243053674698 0.06235378608107567
5 0.2235046923160553 0.562274158000946 0.04485321044921875 0.05800939351320267
5 0.7692036628723145 0.9635484218597412 0.041524507105350494 0.030072875320911407
