5 0.7735186815261841 0.7195811867713928 0.04722404479980469 0.06054254248738289
5 0.22233548760414124 0.718751072883606 0.04452381283044815 0.058048639446496964
5 0.22543363273143768 0.9436254501342773 0.04475526884198189 0.06016078591346741
5 0.22541959583759308 0.33470526337623596 0.04547905921936035 0.05950762331485748
5 0.8117899298667908 0.6398378014564514 0.046390533447265625 0.06004942208528519
5 0.7708304524421692 0.3366550803184509 0.04661579057574272 0.06049654632806778
5 0.22183524072170258 0.5595170855522156 0.046511948108673096 0.05963631719350815
5 0.1845252811908722 0.6401827335357666 0.045370008796453476 0.06238188222050667
5 0.7732216119766235 0.5621306300163269 0.04657306894659996 0.05816599726676941
5 0.7686861157417297 0.9616501331329346 0.0417291633784771 0.02525543048977852
