5 0.7736345529556274 0.7198200821876526 0.04683494567871094 0.06066741794347763
5 0.22254391014575958 0.7190431952476501 0.045035459101200104 0.05870715528726578
5 0.22216705977916718 0.5593389868736267 0.0448819175362587 0.057982124388217926
5 0.22557564079761505 0.9438092708587646 0.044962551444768906 0.05991053208708763
5 0.7709559798240662 0.3373512029647827 0.046317100524902344 0.06139875575900078
5 0.7735680937767029 0.5610551238059998 0.04728126525878906 0.06020296365022659
5 0.22557902336120605 0.33487653732299805 0.0446041114628315 0.059052471071481705
5 0.8123591542243958 0.6404564380645752 0.04631538316607475 0.06047883257269859
5 0.18391624093055725 0.6400430798530579 0.04447765275835991 0.05900150164961815
5 0.7687536478042603 0.9608980417251587 0.041056253015995026 0.025790730491280556
