5 0.22193236649036407 0.7205237150192261 0.04464135318994522 0.0580957867205143
5 0.7735257148742676 0.7210017442703247 0.0466524139046669 0.06107045337557793
5 0.222365140914917 0.5602877736091614 0.044777583330869675 0.05781838670372963
5 0.2253032773733139 0.33528605103492737 0.0452427864074707 0.057456955313682556
5 0.8121858835220337 0.6407683491706848 0.04698619991540909 0.061176594346761703
5 0.22502732276916504 0.9455700516700745 0.04485616832971573 0.05962153896689415
5 0.1835819035768509 0.641649603843689 0.04536113888025284 0.059824138879776
5 0.7727770209312439 0.560405433177948 0.04560966417193413 0.060411300510168076
5 0.771162211894989 0.3372570276260376 0.04683389887213707 0.06108791008591652
5 0.7688502669334412 0.9622637033462524 0.040842343121767044 0.02496427111327648
1 0.21740375459194183 0.3928433060646057 0.032326843589544296 0.04519175738096237
