4 0.34294983744621277 0.8831052184104919 0.18656063079833984 0.2312992960214615
4 0.3431260585784912 0.7041431665420532 0.18612031638622284 0.10858154296875
4 0.6516163349151611 0.7064681649208069 0.18566694855690002 0.10719531774520874
5 0.18315736949443817 0.6392384171485901 0.04607248306274414 0.06090442091226578
5 0.7735731601715088 0.7197954654693604 0.047044944018125534 0.06044965237379074
5 0.22572152316570282 0.9440242648124695 0.044805288314819336 0.060626134276390076
4 0.6521917581558228 0.8852866291999817 0.18730393052101135 0.22942683100700378
5 0.22558771073818207 0.3339281976222992 0.04489336162805557 0.057548124343156815
5 0.7716336250305176 0.33626410365104675 0.047027587890625 0.06102865934371948
5 0.8130771517753601 0.6386197805404663 0.046120788902044296 0.06275484710931778
5 0.22240303456783295 0.718510091304779 0.04458465799689293 0.05738311633467674
5 0.7730661630630493 0.5587632060050964 0.04587078094482422 0.05989348888397217
5 0.22260789573192596 0.5592052340507507 0.04449653625488281 0.05864959582686424
5 0.770041286945343 0.9528756737709045 0.03883199766278267 0.043155424296855927
5 0.769792377948761 0.9599971175193787 0.039778709411621094 0.026187140494585037
