5 0.1828005313873291 0.6385570764541626 0.04723982885479927 0.06129930168390274
5 0.8123473525047302 0.6382331252098083 0.04724235460162163 0.061838045716285706
5 0.7709620594978333 0.3356552720069885 0.046759605407714844 0.059714555740356445
5 0.2254561483860016 0.9428085684776306 0.04514160379767418 0.06051744148135185
5 0.773604691028595 0.718971848487854 0.04696827009320259 0.05959172174334526
5 0.22550053894519806 0.33404141664505005 0.045273590832948685 0.05889548733830452
5 0.22223594784736633 0.5588817000389099 0.045270491391420364 0.05839994177222252
5 0.2226206362247467 0.7183429002761841 0.0451144240796566 0.05810546875
5 0.7732663154602051 0.5584193468093872 0.04605598375201225 0.06118220090866089
5 0.7685807347297668 0.9606999158859253 0.04149150848388672 0.02392476238310337
