5 0.7744988799095154 0.7199122905731201 0.0468076728284359 0.060862500220537186
5 0.22261948883533478 0.7189589738845825 0.04463701322674751 0.058260541409254074
5 0.18403910100460052 0.6398292779922485 0.04640316963195801 0.05989294499158859
5 0.772768497467041 0.3363783359527588 0.04696045070886612 0.06058051437139511
5 0.22563867270946503 0.9442549347877502 0.044878292828798294 0.06074565649032593
5 0.22292542457580566 0.5590772032737732 0.04443073272705078 0.05722552537918091
5 0.813668429851532 0.6400079131126404 0.04687385633587837 0.06137257069349289
5 0.22575414180755615 0.33421728014945984 0.045369815081357956 0.059159696102142334
5 0.774613618850708 0.559342622756958 0.04589452967047691 0.05966167524456978
5 0.7695045471191406 0.9612294435501099 0.0413055419921875 0.025101376697421074
