5 0.22253981232643127 0.5610864162445068 0.0450628288090229 0.05849512666463852
5 0.7735816240310669 0.7219641208648682 0.04748516157269478 0.06233970448374748
5 0.2229268103837967 0.7210469841957092 0.04546413570642471 0.059245895594358444
5 0.18350890278816223 0.6410108208656311 0.04681430011987686 0.05951271951198578
5 0.22556035220623016 0.9454636573791504 0.045557498931884766 0.06148878112435341
5 0.773419976234436 0.5620077848434448 0.04661417007446289 0.060839563608169556
5 0.7709127068519592 0.33898717164993286 0.046930696815252304 0.06232606992125511
5 0.8125855326652527 0.6412853598594666 0.046386148780584335 0.06256256252527237
5 0.22528596222400665 0.33678874373435974 0.044930458068847656 0.06097348406910896
5 0.7690439224243164 0.9626164436340332 0.04119768366217613 0.02680755779147148
