5 0.22227048873901367 0.5614336729049683 0.04442653805017471 0.057428985834121704
5 0.22512908279895782 0.9462299346923828 0.04486989974975586 0.06006241589784622
5 0.7732511758804321 0.7228115200996399 0.04687652736902237 0.06110829859972
5 0.7733528017997742 0.5627132058143616 0.04613752290606499 0.06022249162197113
5 0.22535811364650726 0.33754679560661316 0.04518919065594673 0.05937064439058304
5 0.2220192700624466 0.7215791940689087 0.04453625902533531 0.05872078984975815
5 0.7708709836006165 0.3389624357223511 0.04643745347857475 0.06123017519712448
5 0.8116384744644165 0.6423776745796204 0.04643130302429199 0.061692655086517334
5 0.1835945099592209 0.6426674723625183 0.044296931475400925 0.05872423201799393
5 0.7679611444473267 0.9617671370506287 0.03998909145593643 0.026593362912535667
