5 0.7735443115234375 0.7211217880249023 0.04717845842242241 0.06090875342488289
5 0.18281035125255585 0.6404703259468079 0.047045230865478516 0.061662457883358
5 0.22165141999721527 0.7200461626052856 0.044544707983732224 0.05831979215145111
5 0.22481508553028107 0.9451987147331238 0.044380854815244675 0.06074667349457741
5 0.2250613272190094 0.33608996868133545 0.04642963409423828 0.05901526287198067
5 0.7713198065757751 0.3371618688106537 0.04667816311120987 0.060471635311841965
5 0.22159789502620697 0.5608379244804382 0.04564065858721733 0.05918597802519798
5 0.7729527354240417 0.559645414352417 0.04501762613654137 0.0609375536441803
5 0.8122665286064148 0.6400840878486633 0.047315407544374466 0.06330938637256622
5 0.7686832547187805 0.9624560475349426 0.04057731851935387 0.024560725316405296
