5 0.773438 0.719207 0.046875 0.060543
5 0.225781 0.944676 0.045312 0.060543
5 0.183594 0.638831 0.045312 0.058455
5 0.771875 0.336117 0.046875 0.058455
5 0.222656 0.558455 0.045312 0.056367
5 0.222656 0.719207 0.045312 0.056367
5 0.814063 0.637787 0.046875 0.064718
5 0.225781 0.334029 0.045312 0.058455
5 0.773438 0.559499 0.043750 0.058455
5 0.769531 0.960334 0.039062 0.025052
1 0.903125 0.306889 0.018750 0.025052
2 0.875000 0.423800 0.031250 0.141962
2 0.367969 0.172234 0.032813 0.110647
2 0.429688 0.064718 0.053125 0.125261
1 0.688281 0.824635 0.014063 0.037578
