4 0.342969 0.884134 0.189062 0.231733
4 0.342969 0.706681 0.185938 0.106472
4 0.650781 0.706681 0.185938 0.106472
4 0.651563 0.887265 0.190625 0.225470
5 0.222656 0.561587 0.045312 0.058455
5 0.225000 0.946764 0.043750 0.060543
5 0.772656 0.562630 0.045312 0.060543
5 0.773438 0.722338 0.046875 0.058455
5 0.221875 0.722338 0.043750 0.058455
5 0.771094 0.339248 0.045312 0.060543
5 0.183594 0.641962 0.045312 0.060543
5 0.225781 0.337161 0.045312 0.060543
5 0.812500 0.641962 0.046875 0.060543
5 0.768750 0.953027 0.040625 0.043841
2 0.464062 0.016701 0.018750 0.029228
