5 0.773794949054718 0.7219170928001404 0.04704151302576065 0.062394242733716965
5 0.22237944602966309 0.7210170030593872 0.045053865760564804 0.05789981037378311
5 0.2222372591495514 0.5609299540519714 0.044915106147527695 0.058422625064849854
5 0.22553308308124542 0.9457731246948242 0.04481010511517525 0.06064639240503311
5 0.8125081062316895 0.6417606472969055 0.04653434827923775 0.061858177185058594
5 0.7729659080505371 0.5616973638534546 0.046198081225156784 0.060361094772815704
5 0.18368054926395416 0.6416952610015869 0.045452188700437546 0.060451310127973557
5 0.22482958436012268 0.3364567160606384 0.04588136821985245 0.05966218560934067
5 0.7711504697799683 0.33802998065948486 0.04692869260907173 0.061598364263772964
5 0.7695794105529785 0.9654454588890076 0.04073696210980415 0.03320541977882385
5 0.7698950171470642 0.9574723839759827 0.0396854393184185 0.05272520333528519
