5 0.18354454636573792 0.6421796083450317 0.04705515131354332 0.06128936633467674
5 0.7733787894248962 0.7229210734367371 0.04722900316119194 0.06116410717368126
5 0.22560201585292816 0.946012020111084 0.04530668258666992 0.06070003658533096
5 0.8134779334068298 0.6418565511703491 0.046713974326848984 0.06136925891041756
5 0.22293655574321747 0.5613585710525513 0.04393620416522026 0.058322057127952576
5 0.22278213500976562 0.7216488122940063 0.044805239886045456 0.05831737443804741
5 0.7736918330192566 0.5609482526779175 0.04665517807006836 0.060697998851537704
5 0.7720290422439575 0.33835840225219727 0.047266390174627304 0.06253835558891296
5 0.22570669651031494 0.3367425501346588 0.04482150077819824 0.058614522218704224
5 0.76980060338974 0.9632083177566528 0.04063253477215767 0.028762467205524445
