4 0.3436516523361206 0.7042061686515808 0.18605409562587738 0.10924273729324341
4 0.6522974371910095 0.7043960690498352 0.18633709847927094 0.10851184278726578
4 0.34323060512542725 0.8833357691764832 0.18719592690467834 0.23292838037014008
5 0.7735299468040466 0.7193917036056519 0.045940496027469635 0.05927061662077904
5 0.2224007397890091 0.718872606754303 0.04366030916571617 0.05719083547592163
5 0.2257002890110016 0.9434963464736938 0.044365596026182175 0.06039931997656822
5 0.22255142033100128 0.5600171685218811 0.04551105573773384 0.059816207736730576
5 0.22607898712158203 0.3352454900741577 0.04543452337384224 0.06011822819709778
5 0.7709558010101318 0.33678072690963745 0.04643087461590767 0.061127983033657074
5 0.18509656190872192 0.64039146900177 0.0458083413541317 0.06164449080824852
5 0.7738751769065857 0.5621246099472046 0.046496011316776276 0.05791841447353363
5 0.8124027252197266 0.6403771638870239 0.04549670219421387 0.059972457587718964
4 0.6522244811058044 0.8852695822715759 0.18913602828979492 0.22946077585220337
5 0.7690913081169128 0.9605984687805176 0.040798284113407135 0.024031542241573334
