5 0.8122035264968872 0.6416674256324768 0.04727592691779137 0.0627756118774414
5 0.7732235789299011 0.7221583127975464 0.046965789049863815 0.061147671192884445
5 0.2243800163269043 0.9462657570838928 0.04429197311401367 0.060631994158029556
5 0.2216574251651764 0.7208379507064819 0.044415365904569626 0.05873965099453926
5 0.18342462182044983 0.6412196755409241 0.0457489974796772 0.05961465835571289
5 0.22194933891296387 0.5614060163497925 0.043889906257390976 0.05842478945851326
5 0.22507444024085999 0.3371170461177826 0.045449163764715195 0.05933407321572304
5 0.7728816270828247 0.5610717535018921 0.04543647915124893 0.060969918966293335
5 0.7712335586547852 0.33834344148635864 0.04680442810058594 0.061849258840084076
5 0.768276035785675 0.9624956846237183 0.0410829558968544 0.025585580617189407
