5 0.7732914090156555 0.721468448638916 0.047454167157411575 0.061832308769226074
5 0.2215721607208252 0.7205412983894348 0.04470139741897583 0.05835190415382385
5 0.8118775486946106 0.6419152021408081 0.04718361049890518 0.061647165566682816
5 0.1833224594593048 0.6416085958480835 0.04633975028991699 0.06100330129265785
5 0.22443854808807373 0.9456009864807129 0.044546939432621 0.06218348443508148
5 0.22472353279590607 0.3361204266548157 0.045827675610780716 0.059326235204935074
5 0.2214587777853012 0.5608307123184204 0.04401959106326103 0.05791637673974037
5 0.7729927897453308 0.5608591437339783 0.045290756970644 0.06036122143268585
5 0.7711402773857117 0.3374912142753601 0.0471370704472065 0.0614551417529583
5 0.768553614616394 0.9623317122459412 0.04061641916632652 0.025304488837718964
