4 0.3432426154613495 0.8845206499099731 0.18724961578845978 0.22851906716823578
4 0.343272864818573 0.706158459186554 0.18637166917324066 0.10837358981370926
4 0.6520132422447205 0.7069656252861023 0.1858915388584137 0.10595996677875519
5 0.18290571868419647 0.6408289074897766 0.04724183306097984 0.061631493270397186
5 0.7734928131103516 0.7217116951942444 0.04645099863409996 0.060447998344898224
5 0.22259584069252014 0.7206868529319763 0.0439118854701519 0.05705372989177704
5 0.22557850182056427 0.9453420639038086 0.044443417340517044 0.059979211539030075
5 0.2225147783756256 0.5611916780471802 0.0444917194545269 0.059253543615341187
5 0.770958423614502 0.33879226446151733 0.0477447509765625 0.061860088258981705
5 0.7731491923332214 0.560511589050293 0.04538116604089737 0.06121453642845154
4 0.6519547700881958 0.8865257501602173 0.18938790261745453 0.2269485890865326
5 0.22551456093788147 0.33701860904693604 0.04554262384772301 0.05971786752343178
5 0.8129909634590149 0.6406870484352112 0.04649677500128746 0.06346942484378815
5 0.7699753642082214 0.9582558870315552 0.03863363340497017 0.050316669046878815
