5 0.2222127467393875 0.5613828301429749 0.0447656512260437 0.05781979113817215
5 0.7734830975532532 0.7225563526153564 0.047090720385313034 0.06004814803600311
5 0.7731712460517883 0.562256395816803 0.04577789455652237 0.06071453168988228
5 0.811892032623291 0.6419561505317688 0.04689541086554527 0.06247540935873985
5 0.2251289337873459 0.9467142820358276 0.04472103342413902 0.060670219361782074
5 0.18326428532600403 0.641229510307312 0.04460744932293892 0.058382485061883926
5 0.22176991403102875 0.7218738794326782 0.04516793414950371 0.05972118303179741
5 0.7711188197135925 0.33836355805397034 0.046586036682128906 0.062004901468753815
5 0.22529540956020355 0.33693328499794006 0.045361995697021484 0.05953202396631241
5 0.7687302827835083 0.9622673392295837 0.04047451168298721 0.027387073263525963
