5 0.7735679149627686 0.720580518245697 0.04695005342364311 0.06021379679441452
5 0.22152817249298096 0.7199368476867676 0.04423375055193901 0.05899462103843689
5 0.18331508338451385 0.6406488418579102 0.045601654797792435 0.05899564176797867
5 0.8123648762702942 0.64054936170578 0.0475275032222271 0.06202433630824089
5 0.225082665681839 0.3356458246707916 0.04609351232647896 0.05838579684495926
5 0.2216721624135971 0.5600342154502869 0.04477887228131294 0.05813949182629585
5 0.22463837265968323 0.945155143737793 0.04435472562909126 0.059964556246995926
5 0.7712638974189758 0.33612847328186035 0.04770374298095703 0.062288034707307816
5 0.7731189131736755 0.5601255893707275 0.045882225036621094 0.06054292619228363
5 0.7688189148902893 0.9620600938796997 0.04143362119793892 0.02429836429655552
