4 0.342969 0.885177 0.189062 0.229645
4 0.342969 0.707724 0.185938 0.104384
4 0.651563 0.706681 0.187500 0.106472
5 0.225781 0.338205 0.045312 0.058455
4 0.650781 0.886221 0.189062 0.227557
5 0.182812 0.641962 0.046875 0.060543
5 0.221875 0.722338 0.043750 0.058455
5 0.225000 0.946764 0.043750 0.060543
5 0.773438 0.723382 0.046875 0.060543
5 0.772656 0.561587 0.045312 0.062630
5 0.221875 0.562630 0.043750 0.060543
5 0.812500 0.641962 0.046875 0.064718
5 0.770312 0.339248 0.046875 0.060543
5 0.769531 0.954071 0.039062 0.045929
5 0.768750 0.960334 0.040625 0.029228
2 0.550000 0.141962 0.018750 0.020877
