4 0.34303635358810425 0.8825060725212097 0.18666338920593262 0.23107044398784637
4 0.343257874250412 0.7042282819747925 0.1861087828874588 0.10829293727874756
4 0.6517214179039001 0.7068181037902832 0.18543167412281036 0.1073024794459343
4 0.6524052619934082 0.8864977359771729 0.18912659585475922 0.2270045280456543
5 0.7736722230911255 0.7193669676780701 0.04689083248376846 0.06004992872476578
5 0.1835649460554123 0.639629065990448 0.04596524313092232 0.05942123010754585
5 0.22558918595314026 0.9438546895980835 0.04465489462018013 0.06028362363576889
5 0.7716482281684875 0.33606821298599243 0.047208022326231 0.06011026352643967
5 0.8131497502326965 0.639349102973938 0.04566249996423721 0.06096787750720978
5 0.22555267810821533 0.33405131101608276 0.044489242136478424 0.05818236991763115
5 0.22271953523159027 0.7182850241661072 0.04374713823199272 0.05677084997296333
5 0.7730701565742493 0.5589261054992676 0.04569206386804581 0.06041668355464935
5 0.22276830673217773 0.558591365814209 0.04420023038983345 0.057598553597927094
5 0.7702497839927673 0.9533560872077942 0.038629721850156784 0.04387013614177704
1 0.05419129878282547 0.27562597393989563 0.013459205627441406 0.019844135269522667
5 0.7702008485794067 0.9595174789428711 0.03916025161743164 0.028704490512609482
