5 0.22505131363868713 0.9469598531723022 0.04485349729657173 0.05989141762256622
5 0.7726774215698242 0.723359227180481 0.04688453674316406 0.06039193272590637
5 0.22213855385780334 0.5622162222862244 0.046125710010528564 0.06111215054988861
5 0.1839640587568283 0.6437955498695374 0.04525561258196831 0.0614844486117363
5 0.22525420784950256 0.33793169260025024 0.04530792310833931 0.06004604324698448
5 0.22220830619335175 0.7226793169975281 0.045231617987155914 0.05928667262196541
5 0.7704782485961914 0.3398019075393677 0.04699821397662163 0.06013326346874237
5 0.7738262414932251 0.5644023418426514 0.04772358015179634 0.05921353027224541
5 0.8119524121284485 0.6429520845413208 0.0469549186527729 0.061479222029447556
5 0.7685484290122986 0.9633512496948242 0.04134540632367134 0.02769377827644348
