5 0.1829320639371872 0.6401541233062744 0.04755830764770508 0.062235090881586075
5 0.773399293422699 0.7206888198852539 0.04728870466351509 0.06057274341583252
5 0.22250981628894806 0.7202308773994446 0.044556763023138046 0.05947321653366089
5 0.2256019115447998 0.9452522397041321 0.04539518430829048 0.06133740395307541
5 0.8136836290359497 0.6399102807044983 0.0480436347424984 0.06408219784498215
5 0.225544735789299 0.335781455039978 0.045651625841856 0.058670524507761
5 0.22234344482421875 0.5603482723236084 0.04569368436932564 0.059929005801677704
5 0.7721202969551086 0.3365134000778198 0.047519683837890625 0.06162448599934578
5 0.7738104462623596 0.5593719482421875 0.04663047939538956 0.06114410236477852
5 0.769577145576477 0.961603581905365 0.041185569018125534 0.024493319913744926
