5 0.7728433012962341 0.7206388115882874 0.047031402587890625 0.05995563790202141
5 0.22525635361671448 0.9449108839035034 0.044570159167051315 0.06019863113760948
5 0.22237877547740936 0.720192015171051 0.045071400701999664 0.05882706120610237
5 0.18399563431739807 0.6423368453979492 0.04493565484881401 0.06185600906610489
5 0.22183504700660706 0.5607478022575378 0.04654933139681816 0.06020857021212578
5 0.22516107559204102 0.3361325263977051 0.04532785341143608 0.05992187187075615
5 0.7737589478492737 0.5629557371139526 0.0474148765206337 0.058979328721761703
5 0.7704721689224243 0.3380788266658783 0.04671840742230415 0.0606347993016243
5 0.8116950392723083 0.641566812992096 0.04619922861456871 0.05917097255587578
5 0.7684478163719177 0.9620589017868042 0.04118385538458824 0.02445254474878311
