5 0.7736977934837341 0.7205649018287659 0.04725637659430504 0.06045513227581978
5 0.22159969806671143 0.7200807332992554 0.044290971010923386 0.05878628417849541
5 0.18362027406692505 0.641039252281189 0.04486510902643204 0.0590333566069603
5 0.8123555183410645 0.6408159136772156 0.046564485877752304 0.061200425028800964
5 0.22448983788490295 0.9448709487915039 0.04432039335370064 0.059965576976537704
5 0.2251937836408615 0.3353843092918396 0.04568491131067276 0.058914728462696075
5 0.22194896638393402 0.5593748688697815 0.04459948465228081 0.05798187106847763
5 0.7730706930160522 0.5601071715354919 0.045921992510557175 0.06007452309131622
5 0.7711828947067261 0.3367069363594055 0.04718952253460884 0.06192736700177193
5 0.7686190009117126 0.9631767272949219 0.0406152717769146 0.02784961648285389
