4 0.34335094690322876 0.883276641368866 0.18764467537403107 0.23017403483390808
4 0.3434971272945404 0.7049318552017212 0.18592309951782227 0.10806229710578918
4 0.652407705783844 0.7052969336509705 0.18666449189186096 0.10759415477514267
5 0.7738271951675415 0.7209907174110413 0.04669800028204918 0.060911811888217926
5 0.22246627509593964 0.7204105257987976 0.04431619867682457 0.059420593082904816
5 0.22570310533046722 0.9451044201850891 0.04471158981323242 0.061000753194093704
5 0.2255324423313141 0.3359355926513672 0.04598226770758629 0.05935407802462578
5 0.2222912609577179 0.5603713989257812 0.0456913486123085 0.05976119264960289
4 0.6524602174758911 0.8858777284622192 0.1890057623386383 0.2282446026802063
5 0.7738116979598999 0.5625638961791992 0.04756489023566246 0.05824843794107437
5 0.18428683280944824 0.6427674889564514 0.04564562067389488 0.062335625290870667
5 0.7708541750907898 0.3376062214374542 0.04657421261072159 0.06014294922351837
5 0.8126587271690369 0.6416327953338623 0.04485626146197319 0.060121286660432816
5 0.7702489495277405 0.9594178199768066 0.039812661707401276 0.05089070647954941
