5 0.1828872710466385 0.6416078805923462 0.0470702163875103 0.06237117946147919
5 0.22472861409187317 0.9469389319419861 0.04424705728888512 0.061040256172418594
5 0.7734569907188416 0.7230329513549805 0.04737129434943199 0.06052088364958763
5 0.22535227239131927 0.33760249614715576 0.045853327959775925 0.059506792575120926
5 0.22175846993923187 0.7222684025764465 0.04454212263226509 0.05921837314963341
5 0.812290370464325 0.6425095796585083 0.0479610450565815 0.06206243485212326
5 0.7731252312660217 0.5616582036018372 0.045725345611572266 0.061981648206710815
5 0.22192434966564178 0.5617258548736572 0.045663025230169296 0.06173865497112274
5 0.7712159156799316 0.3393896222114563 0.047592926770448685 0.06252886354923248
5 0.7685427069664001 0.9626853466033936 0.04063902050256729 0.02589011937379837
