4 0.34278926253318787 0.8819978833198547 0.18675275146961212 0.2301810383796692
4 0.3426882028579712 0.7044014930725098 0.18544678390026093 0.10808855295181274
4 0.6515735983848572 0.7056171894073486 0.18560266494750977 0.10927128046751022
5 0.18266330659389496 0.6385585069656372 0.046591948717832565 0.06098877638578415
4 0.6514014005661011 0.886595606803894 0.18945303559303284 0.2268088161945343
5 0.2254076451063156 0.3340592682361603 0.04554891586303711 0.05847785994410515
5 0.7708943486213684 0.3357234001159668 0.046543121337890625 0.06043340638279915
5 0.7733470797538757 0.7189287543296814 0.04701881483197212 0.059793684631586075
5 0.22522388398647308 0.9432275891304016 0.044475555419921875 0.060201436281204224
5 0.8121194243431091 0.6394862532615662 0.046784400939941406 0.060861989855766296
5 0.22207008302211761 0.5593587756156921 0.04501543194055557 0.05915647745132446
5 0.22201263904571533 0.7182763814926147 0.04431624338030815 0.05746912583708763
5 0.7729117274284363 0.5586368441581726 0.04547462612390518 0.06115235388278961
5 0.7689782381057739 0.9529340267181396 0.03884849697351456 0.041616421192884445
5 0.7685903906822205 0.9601763486862183 0.03998565673828125 0.024518676102161407
