5 0.22221004962921143 0.7205227017402649 0.04447989538311958 0.05861082673072815
5 0.7734279036521912 0.7215065956115723 0.04709024354815483 0.06115684658288956
5 0.8125759363174438 0.6407287120819092 0.04763660579919815 0.062349770218133926
5 0.22205698490142822 0.5605785250663757 0.045445870608091354 0.05859362334012985
5 0.1831578016281128 0.6409966945648193 0.04561967775225639 0.06047271564602852
5 0.22538843750953674 0.33561307191848755 0.0459405891597271 0.059086937457323074
5 0.22517147660255432 0.9451228976249695 0.04476223140954971 0.06110218167304993
5 0.7713350653648376 0.3371817171573639 0.047263242304325104 0.061004575341939926
5 0.7729207277297974 0.5592657327651978 0.045989990234375 0.06102203205227852
5 0.7686665654182434 0.96204674243927 0.03926372528076172 0.024609273299574852
