4 0.3431222140789032 0.8840579986572266 0.1870899647474289 0.23070143163204193
4 0.34355226159095764 0.7050429582595825 0.18571443855762482 0.10911225527524948
4 0.6519651412963867 0.7046506404876709 0.18605823814868927 0.10779471695423126
5 0.7736331820487976 0.7208175659179688 0.046868324279785156 0.061231642961502075
5 0.2224884033203125 0.7194651365280151 0.04408273845911026 0.058190204203128815
5 0.1840427666902542 0.6406612396240234 0.04612679407000542 0.05937854200601578
5 0.22227711975574493 0.559473991394043 0.04455156251788139 0.05834094434976578
5 0.22570191323757172 0.33606672286987305 0.04539446905255318 0.060332488268613815
5 0.22568802535533905 0.9447242021560669 0.04464692994952202 0.059941623359918594
5 0.771573007106781 0.33755314350128174 0.04684162139892578 0.062207695096731186
5 0.7738675475120544 0.5612698793411255 0.04702911525964737 0.06045220047235489
5 0.8128868341445923 0.6394603848457336 0.04591250419616699 0.06273267418146133
4 0.6519875526428223 0.8850701451301575 0.1892162412405014 0.22985979914665222
5 0.7697218060493469 0.956402063369751 0.03785457834601402 0.04722107946872711
