5 0.1832943707704544 0.6411234736442566 0.04783825948834419 0.06312181800603867
5 0.7735739946365356 0.7221816182136536 0.047711946070194244 0.06204918399453163
5 0.22275970876216888 0.7209218144416809 0.04463224485516548 0.05878564715385437
5 0.8134936690330505 0.6418245434761047 0.0469907782971859 0.062050964683294296
5 0.22567255795001984 0.9459733366966248 0.04569592699408531 0.060612499713897705
5 0.22247877717018127 0.5611857175827026 0.04526705667376518 0.06073864549398422
5 0.22551453113555908 0.33666613698005676 0.04601488262414932 0.05981413647532463
5 0.7720146179199219 0.33814993500709534 0.047408200800418854 0.06119048595428467
5 0.7734963297843933 0.5601803064346313 0.04578819498419762 0.06156332045793533
5 0.7695599794387817 0.9626801609992981 0.04127388074994087 0.02572663687169552
1 0.35014885663986206 0.24850115180015564 0.02014603652060032 0.02652837708592415
