5 0.18243925273418427 0.6416205763816833 0.04753923416137695 0.061533886939287186
5 0.2257700264453888 0.9471006393432617 0.045081090182065964 0.06078235059976578
5 0.22255448997020721 0.5620602965354919 0.04522113874554634 0.06010739877820015
5 0.7736534476280212 0.7227124571800232 0.04762678220868111 0.06012052297592163
5 0.22229838371276855 0.7221394181251526 0.045107077807188034 0.05925252288579941
5 0.8135196566581726 0.6426894068717957 0.04689960554242134 0.06174209341406822
5 0.2255195826292038 0.33757826685905457 0.04564104229211807 0.059566617012023926
5 0.7738256454467773 0.5619201064109802 0.04626159742474556 0.06117962300777435
5 0.7717056274414062 0.3389997184276581 0.0469476692378521 0.06119532883167267
5 0.7694775462150574 0.9623749852180481 0.04068870469927788 0.02612393908202648
1 0.10094831138849258 0.487571656703949 0.015165621414780617 0.021058913320302963
1 0.4576508104801178 0.14120417833328247 0.01604900322854519 0.021907607093453407
