5 0.7729359865188599 0.5632414817810059 0.044750213623046875 0.0602790042757988
5 0.22566759586334229 0.9469955563545227 0.044658709317445755 0.05987625569105148
5 0.7735453844070435 0.723817765712738 0.04720611497759819 0.06157772243022919
5 0.2225676327943802 0.7228242754936218 0.045014429837465286 0.059166766703128815
5 0.2255920022726059 0.33827513456344604 0.04565277323126793 0.05960280820727348
5 0.2222401648759842 0.5632997751235962 0.04472050815820694 0.05847359076142311
5 0.7709746360778809 0.34012410044670105 0.04622631147503853 0.05896136537194252
5 0.1831064671278 0.6426312923431396 0.04664936289191246 0.05876984819769859
5 0.8128116726875305 0.6434990167617798 0.0462711825966835 0.060117207467556
5 0.7691251635551453 0.9629732370376587 0.041229248046875 0.027443649247288704
