5 0.22286565601825714 0.7201319336891174 0.04534425958991051 0.05907413363456726
5 0.22275486588478088 0.5612341165542603 0.0448419563472271 0.05898289754986763
5 0.7739534974098206 0.7216524481773376 0.0474822036921978 0.06191730126738548
5 0.2258770912885666 0.9454972147941589 0.045079898089170456 0.060952078551054
5 0.7739805579185486 0.5619996190071106 0.0469907782971859 0.06030477583408356
5 0.1840491145849228 0.6412920951843262 0.046376753598451614 0.05834999307990074
5 0.7714399695396423 0.3390701115131378 0.047310639172792435 0.06277517229318619
5 0.22585053741931915 0.33683231472969055 0.04542074352502823 0.06024259328842163
5 0.8129809498786926 0.641633152961731 0.04609432443976402 0.0613672211766243
5 0.7690615653991699 0.9620075821876526 0.04124164581298828 0.027087632566690445
