5 0.22255395352840424 0.5608559250831604 0.044797372072935104 0.05811757594347
5 0.22294259071350098 0.7210284471511841 0.04501543194055557 0.05900914594531059
5 0.7735585570335388 0.7218137383460999 0.047838784754276276 0.06241896003484726
5 0.18379083275794983 0.641241729259491 0.046285439282655716 0.05955221876502037
5 0.22566866874694824 0.9454087018966675 0.04502682760357857 0.061046626418828964
5 0.7735784649848938 0.5619413256645203 0.0469476692378521 0.06115684658288956
5 0.7713518142700195 0.33878323435783386 0.047534942626953125 0.06248534843325615
5 0.22535847127437592 0.33667510747909546 0.04516720771789551 0.059297822415828705
5 0.8129231333732605 0.6411995887756348 0.04683876037597656 0.062231142073869705
5 0.7691567540168762 0.961942195892334 0.04110412672162056 0.027585597708821297
