4 0.34354621171951294 0.8831010460853577 0.18711243569850922 0.23379790782928467
4 0.3443528115749359 0.7036803364753723 0.1858232468366623 0.108188197016716
4 0.6523081660270691 0.7035061717033386 0.18638411164283752 0.10830121487379074
5 0.7736048102378845 0.7186625599861145 0.046834852546453476 0.059256602078676224
5 0.7717639803886414 0.3360907733440399 0.04660377651453018 0.059456780552864075
5 0.22611701488494873 0.9429879784584045 0.04453082010149956 0.060779038816690445
4 0.6516010165214539 0.8837566375732422 0.18729248642921448 0.23248673975467682
5 0.2228468507528305 0.5594222545623779 0.04540138319134712 0.05960382521152496
5 0.22620688378810883 0.33452361822128296 0.04623165354132652 0.05971512943506241
5 0.18513134121894836 0.6394333839416504 0.04445948824286461 0.059298139065504074
5 0.7738358378410339 0.5609867572784424 0.04711208492517471 0.05886665731668472
5 0.8127126693725586 0.6392161250114441 0.04486122354865074 0.05939064919948578
5 0.2227218598127365 0.7183734178543091 0.044037532061338425 0.058139365166425705
1 0.6969611048698425 0.140910804271698 0.012263870798051357 0.019173290580511093
5 0.7701849937438965 0.9529199004173279 0.03942909464240074 0.04228220134973526
1 0.7447918057441711 0.10128102451562881 0.012399673461914062 0.01998380571603775
5 0.7699527144432068 0.9601352214813232 0.04045753553509712 0.025269702076911926
