4 0.34363624453544617 0.8827154040336609 0.1872214376926422 0.23346775770187378
4 0.34400495886802673 0.7037147283554077 0.18581819534301758 0.10690276324748993
4 0.6524307131767273 0.7061018347740173 0.18529148399829865 0.10840252041816711
5 0.7745486497879028 0.7201653122901917 0.046372223645448685 0.05934133753180504
4 0.6520515084266663 0.8855960369110107 0.18790073692798615 0.2288079410791397
5 0.22257494926452637 0.7188087701797485 0.043664075434207916 0.056722432374954224
5 0.22568102180957794 0.9440579414367676 0.0444910041987896 0.05982235446572304
5 0.18395721912384033 0.6403411626815796 0.045373011380434036 0.05853131413459778
5 0.2260204404592514 0.33433276414871216 0.04582939296960831 0.05926379933953285
5 0.7726898193359375 0.33664628863334656 0.046282198280096054 0.06100725382566452
5 0.22276440262794495 0.5588151216506958 0.043530941009521484 0.056382469832897186
5 0.8135265707969666 0.6392244100570679 0.045893289148807526 0.061219409108161926
5 0.7744911909103394 0.5593577027320862 0.04529104381799698 0.05939498171210289
2 0.6217176914215088 0.02855627052485943 0.011879349127411842 0.018647681921720505
5 0.7696369290351868 0.9555712938308716 0.03950805589556694 0.03979135677218437
5 0.7698652148246765 0.9604975581169128 0.04096202924847603 0.02646734192967415
