5 0.8120662569999695 0.640859842300415 0.047488022595644 0.06462948024272919
5 0.18279525637626648 0.6422052979469299 0.046183180063962936 0.060924556106328964
5 0.22447238862514496 0.9463120102882385 0.044553566724061966 0.06083841621875763
5 0.7732400298118591 0.7227315902709961 0.04725160822272301 0.060977306216955185
5 0.22202010452747345 0.5611706972122192 0.044419385492801666 0.05797396972775459
5 0.22506769001483917 0.3370972275733948 0.045781660825014114 0.05884604528546333
5 0.22153690457344055 0.7216175198554993 0.04463329538702965 0.059314578771591187
5 0.7732248306274414 0.5615902543067932 0.04611797258257866 0.06029292568564415
5 0.7711191177368164 0.33840349316596985 0.0463077537715435 0.061800774186849594
5 0.7682620286941528 0.9625399708747864 0.04076662287116051 0.02589649148285389
