5 0.22575806081295013 0.9489732384681702 0.04489188268780708 0.06014014407992363
5 0.7732712626457214 0.5641323328018188 0.044988539069890976 0.05989192798733711
5 0.7710978388786316 0.3425249457359314 0.04693107679486275 0.05957286059856415
5 0.7734821438789368 0.7261930108070374 0.04731721803545952 0.06133982539176941
5 0.2258840799331665 0.33978068828582764 0.04482255131006241 0.05886019021272659
5 0.8132586479187012 0.6443621516227722 0.04710426554083824 0.062409788370132446
5 0.22296969592571259 0.5644505620002747 0.04442858695983887 0.059070054441690445
5 0.22238056361675262 0.724499523639679 0.045073796063661575 0.059779539704322815
5 0.18312497437000275 0.6451456546783447 0.04735169559717178 0.05896149203181267
5 0.7695367932319641 0.963957667350769 0.04139900207519531 0.030126137658953667
