4 0.343750 0.884134 0.187500 0.231733
4 0.342969 0.705637 0.185938 0.108559
4 0.652344 0.705637 0.185938 0.108559
5 0.773438 0.721294 0.046875 0.060543
5 0.225781 0.944676 0.045312 0.060543
5 0.221875 0.721294 0.043750 0.056367
5 0.184375 0.643006 0.046875 0.062630
4 0.652344 0.886221 0.189062 0.227557
5 0.774219 0.563674 0.048438 0.058455
5 0.770312 0.339248 0.046875 0.060543
5 0.222656 0.561587 0.045312 0.058455
5 0.225781 0.337161 0.045312 0.060543
5 0.812500 0.641962 0.046875 0.060543
5 0.769531 0.955115 0.039062 0.043841
5 0.768750 0.961378 0.040625 0.027140
2 0.360156 0.066806 0.014063 0.025052
2 0.377344 0.103340 0.014063 0.022965
2 0.334375 0.117954 0.009375 0.018789
2 0.202344 0.076200 0.010937 0.022965
2 0.364844 0.232777 0.014063 0.018789
2 0.060937 0.596033 0.040625 0.027140
