5 0.7738628387451172 0.720844566822052 0.04739360883831978 0.06078260764479637
5 0.22257833182811737 0.7192658185958862 0.04450645670294762 0.058616943657398224
5 0.18349918723106384 0.6408008337020874 0.046122290194034576 0.060059867799282074
5 0.22261548042297363 0.5597889423370361 0.04484505578875542 0.05903374031186104
5 0.8125495314598083 0.6403303146362305 0.046210672706365585 0.061291784048080444
5 0.22559700906276703 0.9446752667427063 0.045035552233457565 0.060983553528785706
5 0.225545272231102 0.33577656745910645 0.0455140583217144 0.058175042271614075
5 0.7716861963272095 0.33665579557418823 0.04748706892132759 0.06141933426260948
5 0.7731899619102478 0.5601724982261658 0.046616364270448685 0.06003588065505028
5 0.7697487473487854 0.9619134664535522 0.0408746711909771 0.02555219642817974
