4 0.34328511357307434 0.8817463517189026 0.18719486892223358 0.23204611241817474
4 0.34367355704307556 0.7037296295166016 0.18570756912231445 0.105644591152668
4 0.6520477533340454 0.7038427591323853 0.18631744384765625 0.10792850703001022
5 0.7736722230911255 0.7194458246231079 0.04698944091796875 0.06032286956906319
4 0.6520993709564209 0.8846237659454346 0.18830767273902893 0.23075252771377563
5 0.22569620609283447 0.9436578154563904 0.04547858238220215 0.06100049987435341
5 0.18348421156406403 0.6393269896507263 0.045012593269348145 0.058628663420677185
5 0.22567005455493927 0.33386778831481934 0.04521589353680611 0.059574007987976074
5 0.7715422511100769 0.335796982049942 0.04806041717529297 0.061344027519226074
5 0.22249339520931244 0.7181416749954224 0.04491458088159561 0.058115407824516296
5 0.8131816983222961 0.6391083598136902 0.04514274746179581 0.059530939906835556
5 0.22233043611049652 0.5585083961486816 0.044481661170721054 0.057763755321502686
5 0.7737454771995544 0.5594854354858398 0.04705638810992241 0.06057707592844963
5 0.7698894739151001 0.9529423117637634 0.03893270716071129 0.043659888207912445
5 0.769699215888977 0.9593183398246765 0.03972206264734268 0.027990035712718964
