5 0.7734773755073547 0.7224164605140686 0.04662303999066353 0.059582799673080444
5 0.22579482197761536 0.9458103179931641 0.044669102877378464 0.05998825654387474
5 0.22246210277080536 0.7213991284370422 0.044302940368652344 0.05750378221273422
5 0.22287879884243011 0.5616211295127869 0.04545993730425835 0.06052572280168533
5 0.22610118985176086 0.3375706970691681 0.04563513025641441 0.06035720929503441
5 0.7740147709846497 0.5638235211372375 0.04725456237792969 0.0581275150179863
5 0.18489424884319305 0.6421760320663452 0.04663665220141411 0.0640699714422226
5 0.7707802653312683 0.3392566740512848 0.04625740274786949 0.06093143671751022
5 0.8125235438346863 0.6426116228103638 0.04617423936724663 0.06000775471329689
4 0.34317854046821594 0.7059504985809326 0.1866251528263092 0.11104397475719452
5 0.7690327763557434 0.9622566103935242 0.04089660570025444 0.026403630152344704
4 0.6521391868591309 0.7061470746994019 0.18609066307544708 0.1102932021021843
