5 0.18288834393024445 0.6400598287582397 0.047713615000247955 0.06220297887921333
5 0.7734230756759644 0.720757246017456 0.04713249206542969 0.06065378338098526
5 0.22249722480773926 0.7202017903327942 0.04456052929162979 0.05948328599333763
5 0.22561155259609222 0.9452876448631287 0.04539380222558975 0.06123189628124237
5 0.8137242197990417 0.6398098468780518 0.04789085313677788 0.06425192952156067
5 0.22242175042629242 0.560326337814331 0.04562186077237129 0.05993088707327843
5 0.22566409409046173 0.3357069492340088 0.04552822187542915 0.05839287117123604
5 0.7723379135131836 0.3365117013454437 0.04730415344238281 0.06180809810757637
5 0.7738990783691406 0.5592952370643616 0.046596623957157135 0.06097310408949852
5 0.7696958780288696 0.9616811275482178 0.041138648986816406 0.02486335299909115
