4 0.3430043160915375 0.7070213556289673 0.18554797768592834 0.10794583708047867
4 0.651195228099823 0.7064737677574158 0.18710394203662872 0.10768131166696548
5 0.22552242875099182 0.3382929563522339 0.04499826580286026 0.06013976410031319
5 0.22197559475898743 0.5620259642601013 0.044658612459897995 0.05858534201979637
5 0.7730209231376648 0.7232086658477783 0.04654712602496147 0.06100406497716904
5 0.22514362633228302 0.9460323452949524 0.044379234313964844 0.06034160032868385
4 0.3425500988960266 0.8846590518951416 0.18805065751075745 0.23032107949256897
5 0.773501992225647 0.5634770393371582 0.04585609585046768 0.05970359593629837
5 0.770754337310791 0.339503675699234 0.04617767408490181 0.06232403218746185
5 0.2219121754169464 0.7217742800712585 0.044188644737005234 0.05840325355529785
5 0.1834358274936676 0.6429166793823242 0.04441728815436363 0.058452311903238297
5 0.8120519518852234 0.6423917412757874 0.04553646966814995 0.06143220514059067
4 0.6507334113121033 0.8864455223083496 0.19085846841335297 0.22710901498794556
5 0.7682495713233948 0.9537971615791321 0.03932371363043785 0.0448487363755703
5 0.7684922218322754 0.9604871869087219 0.040375616401433945 0.030501650646328926
