5 0.7713186144828796 0.3358258306980133 0.04712715372443199 0.06035191938281059
5 0.2221348136663437 0.5588767528533936 0.045023154467344284 0.05884502828121185
5 0.22569206357002258 0.9430041313171387 0.04434642940759659 0.06002011522650719
5 0.18459685146808624 0.6396312713623047 0.045073796063661575 0.059558335691690445
5 0.7733905911445618 0.7188730835914612 0.047095585614442825 0.059425052255392075
5 0.22564826905727386 0.33398279547691345 0.045186806470155716 0.058903768658638
5 0.8124615550041199 0.6397622227668762 0.04513530805706978 0.05926654115319252
5 0.22230377793312073 0.7183651328086853 0.04435157775878906 0.05824703723192215
5 0.7738825082778931 0.560732364654541 0.047603607177734375 0.05862496793270111
5 0.769117534160614 0.9614605903625488 0.04208049923181534 0.024070532992482185
