4 0.342187 0.884134 0.187500 0.231733
4 0.342187 0.705637 0.184375 0.108559
4 0.650781 0.705637 0.185938 0.108559
5 0.773438 0.721294 0.046875 0.060543
5 0.221875 0.561587 0.043750 0.058455
5 0.773438 0.562630 0.046875 0.060543
4 0.650781 0.885177 0.189062 0.229645
5 0.225000 0.944676 0.043750 0.060543
5 0.221875 0.721294 0.043750 0.060543
5 0.225000 0.337161 0.046875 0.060543
5 0.183594 0.641962 0.042188 0.056367
5 0.770312 0.338205 0.046875 0.062630
5 0.811719 0.641962 0.045312 0.060543
5 0.767969 0.954071 0.039062 0.045929
2 0.211719 0.114823 0.010937 0.025052
