5 0.22292421758174896 0.5614942908287048 0.04405532032251358 0.057666629552841187
5 0.22564294934272766 0.9467093348503113 0.04524350166320801 0.060528017580509186
5 0.18315602838993073 0.6426055431365967 0.04620025306940079 0.05961567535996437
5 0.7734639048576355 0.7231653332710266 0.04703931882977486 0.060302734375
5 0.7730383276939392 0.5618633031845093 0.046317197382450104 0.060700833797454834
5 0.22237730026245117 0.7220613360404968 0.0456029437482357 0.059856757521629333
5 0.8126516342163086 0.6424285173416138 0.04623298719525337 0.06137257069349289
5 0.22546036541461945 0.3377517759799957 0.04564685747027397 0.0591956302523613
5 0.7712738513946533 0.3385729491710663 0.0473322868347168 0.06208868324756622
5 0.7688674330711365 0.9623579978942871 0.040282633155584335 0.025631453841924667
