4 0.342969 0.886221 0.185938 0.227557
4 0.342969 0.706681 0.185938 0.110647
4 0.651563 0.885177 0.187500 0.229645
4 0.652344 0.706681 0.185938 0.106472
5 0.773438 0.722338 0.046875 0.058455
5 0.222656 0.561587 0.042188 0.058455
5 0.225781 0.946764 0.045312 0.060543
5 0.222656 0.721294 0.045312 0.060543
5 0.771875 0.338205 0.046875 0.062630
5 0.183594 0.643006 0.045312 0.058455
5 0.813281 0.641962 0.045312 0.060543
5 0.773438 0.561587 0.046875 0.062630
5 0.225000 0.337161 0.046875 0.060543
5 0.770312 0.959290 0.040625 0.031315
