5 0.22241909801959991 0.5606516003608704 0.04494614526629448 0.05812980607151985
5 0.22226297855377197 0.7204869985580444 0.04521184042096138 0.05955030769109726
5 0.7736625671386719 0.7215988039970398 0.0470401756465435 0.061913348734378815
5 0.773195743560791 0.5612791180610657 0.046639252454042435 0.0604175440967083
5 0.22536860406398773 0.9457623362541199 0.045084573328495026 0.06103592365980148
5 0.1836114376783371 0.6410956382751465 0.044648170471191406 0.058588143438100815
5 0.7709930539131165 0.3382144868373871 0.04695110395550728 0.06218673288822174
5 0.8122944831848145 0.6413534879684448 0.04673461988568306 0.06073393300175667
5 0.2252495288848877 0.33568450808525085 0.04524507746100426 0.059063300490379333
5 0.7691068053245544 0.9622331261634827 0.04051608964800835 0.02661234885454178
