5 0.7733869552612305 0.7215064167976379 0.04803619533777237 0.06171813979744911
5 0.2214905470609665 0.720259428024292 0.04492249712347984 0.05917301028966904
5 0.1836259365081787 0.6410344839096069 0.0454317107796669 0.059988003224134445
5 0.22428040206432343 0.9457305669784546 0.04465217515826225 0.0606347993016243
5 0.22152145206928253 0.5606001615524292 0.044988155364990234 0.0584230050444603
5 0.8120290637016296 0.6411483287811279 0.04732685163617134 0.06156191974878311
5 0.22492146492004395 0.3362591862678528 0.04587049409747124 0.05928119271993637
5 0.7709447145462036 0.3371714651584625 0.046581268310546875 0.06021621450781822
5 0.7729776501655579 0.55967777967453 0.04533663019537926 0.060787320137023926
1 0.9149156808853149 0.32913392782211304 0.020532989874482155 0.022696541622281075
5 0.767720639705658 0.9621992111206055 0.040476419031620026 0.02430231310427189
