5 0.7737842798233032 0.7203425168991089 0.04683685302734375 0.060522157698869705
5 0.2220609039068222 0.5592434406280518 0.0445585735142231 0.05656340718269348
5 0.7716667652130127 0.33640119433403015 0.047766875475645065 0.06160639226436615
5 0.1836097240447998 0.6399812698364258 0.044106580317020416 0.05823569372296333
5 0.2252972573041916 0.9449669718742371 0.04434652253985405 0.05897397920489311
5 0.22529888153076172 0.3339080214500427 0.04558100923895836 0.05868619680404663
5 0.8131374716758728 0.6397202014923096 0.04565105587244034 0.05980069190263748
5 0.2226272076368332 0.7189537882804871 0.04507780075073242 0.057790737599134445
5 0.7736219763755798 0.5600749850273132 0.04709139093756676 0.05865427851676941
3 0.8032559752464294 0.8955111503601074 0.04796009138226509 0.04466015100479126
0 0.22450290620326996 0.8532304763793945 0.10621394217014313 0.1812015324831009
5 0.7691192030906677 0.9607877731323242 0.04109935835003853 0.025740526616573334
