4 0.3430742919445038 0.8817947506904602 0.186242014169693 0.2317260354757309
4 0.3433918356895447 0.7039924263954163 0.1853492259979248 0.10692799091339111
4 0.6521231532096863 0.7052515745162964 0.1856326162815094 0.10900114476680756
4 0.6524615287780762 0.8864956498146057 0.18850460648536682 0.2270086705684662
5 0.7736741304397583 0.7192761301994324 0.0465572364628315 0.059867460280656815
5 0.1838320940732956 0.6394169926643372 0.0463581345975399 0.06016397476196289
5 0.22571025788784027 0.3336987793445587 0.044702816754579544 0.058695435523986816
5 0.22572751343250275 0.9433731436729431 0.045691490173339844 0.060699909925460815
5 0.7719851732254028 0.33572402596473694 0.04701995849609375 0.05949392542243004
5 0.7734516263008118 0.5586215853691101 0.0455169677734375 0.06102865934371948
5 0.8129783868789673 0.6394289135932922 0.04566001892089844 0.05957617610692978
5 0.22279301285743713 0.7180328369140625 0.044278718531131744 0.057720527052879333
5 0.22284260392189026 0.5584865212440491 0.04447050020098686 0.057910770177841187
3 0.740306556224823 0.24128593504428864 0.03371267393231392 0.10154415667057037
5 0.7699422836303711 0.9532402157783508 0.03919563442468643 0.043794699013233185
5 0.7696276903152466 0.9603275656700134 0.0401790626347065 0.02665579877793789
