5 0.7735955119132996 0.7203449606895447 0.04665212705731392 0.05939650908112526
5 0.22244501113891602 0.7192713022232056 0.04468288645148277 0.058070044964551926
5 0.2255021333694458 0.9445335865020752 0.0442228801548481 0.06066257506608963
5 0.2223355621099472 0.559322714805603 0.04476213455200195 0.05758699029684067
5 0.7717002034187317 0.33672797679901123 0.047711946070194244 0.06167621910572052
5 0.8130427598953247 0.6393301486968994 0.046648599207401276 0.06332875788211823
5 0.22522874176502228 0.3345944881439209 0.04574747011065483 0.05876309424638748
5 0.18333299458026886 0.6403852701187134 0.04491095617413521 0.057763468474149704
5 0.7734225392341614 0.5601213574409485 0.04659233242273331 0.05953527241945267
5 0.7691296935081482 0.9611965417861938 0.040801048278808594 0.024745870381593704
