4 0.343750 0.882046 0.187500 0.231733
4 0.344531 0.704593 0.185938 0.106472
4 0.652344 0.704593 0.185938 0.110647
4 0.652344 0.886221 0.189062 0.227557
5 0.773438 0.719207 0.046875 0.060543
5 0.771875 0.335073 0.046875 0.060543
5 0.184375 0.637787 0.046875 0.060543
5 0.226562 0.334029 0.046875 0.058455
5 0.814063 0.639875 0.046875 0.060543
5 0.222656 0.559499 0.045312 0.058455
5 0.225781 0.942589 0.045312 0.060543
5 0.223438 0.718163 0.043750 0.058455
5 0.774219 0.557411 0.045312 0.062630
5 0.770312 0.960334 0.040625 0.025052
