4 0.34381362795829773 0.8859026432037354 0.18808041512966156 0.22819478809833527
4 0.34398460388183594 0.7065742611885071 0.18664388358592987 0.10962335020303726
5 0.7743992209434509 0.7223546504974365 0.04603881761431694 0.05874257907271385
4 0.6527032852172852 0.7064557671546936 0.1858574002981186 0.10604418814182281
5 0.18327079713344574 0.6422478556632996 0.047620583325624466 0.06132465973496437
5 0.22261376678943634 0.7214798927307129 0.04378032684326172 0.05724741145968437
5 0.22587695717811584 0.9466824531555176 0.044377900660037994 0.06056050956249237
5 0.22264674305915833 0.5614584684371948 0.04476432874798775 0.05927634984254837
5 0.2257343828678131 0.3370226323604584 0.045441389083862305 0.059592101722955704
5 0.8137138485908508 0.6420803070068359 0.04633960872888565 0.06169571354985237
5 0.7728066444396973 0.33907487988471985 0.04702873155474663 0.06194877251982689
4 0.6530872583389282 0.8854195475578308 0.1895994246006012 0.22916088998317719
5 0.7745936512947083 0.5618695020675659 0.04571037366986275 0.06063884496688843
5 0.7704946398735046 0.95560222864151 0.03947916254401207 0.047758545726537704
