5 0.7736780643463135 0.7204834818840027 0.04705515131354332 0.06032082810997963
5 0.2219264954328537 0.7197024822235107 0.04439973831176758 0.059396255761384964
5 0.22525179386138916 0.9450830221176147 0.04499168321490288 0.061419207602739334
5 0.18357355892658234 0.6405471563339233 0.04554271697998047 0.060029286891222
5 0.7713334560394287 0.33674943447113037 0.04701423645019531 0.06114015355706215
5 0.8125982284545898 0.6402974128723145 0.046630859375 0.06122565269470215
5 0.22537074983119965 0.3354469835758209 0.04563608393073082 0.05855705216526985
5 0.22224335372447968 0.5593954920768738 0.04486742243170738 0.05872104689478874
5 0.7727004885673523 0.5599687695503235 0.045349884778261185 0.0595221146941185
5 0.7685486078262329 0.9618998765945435 0.03965368494391441 0.023946041241288185
1 0.9347763061523438 0.47247007489204407 0.013098525814712048 0.016873035579919815
1 0.15685231983661652 0.4334322512149811 0.014416861347854137 0.01999952644109726
