4 0.3432694375514984 0.8842347860336304 0.18754033744335175 0.23153044283390045
4 0.3442675769329071 0.7051413655281067 0.18571782112121582 0.10816627740859985
4 0.6519527435302734 0.704855740070343 0.18686257302761078 0.10756254941225052
5 0.773410975933075 0.720927894115448 0.046355631202459335 0.060063183307647705
5 0.2223370522260666 0.7203181982040405 0.04373893886804581 0.05858100950717926
5 0.2255806177854538 0.9448229670524597 0.04442615434527397 0.06119634583592415
5 0.7714712023735046 0.3380657136440277 0.04704685136675835 0.060311656445264816
5 0.22601942718029022 0.3361327052116394 0.045746613293886185 0.05964218080043793
5 0.22238512337207794 0.5606899857521057 0.045533742755651474 0.05959149822592735
5 0.7739859223365784 0.562802255153656 0.04762277752161026 0.05789930000901222
5 0.18468259274959564 0.6419594883918762 0.04598236083984375 0.06222999468445778
5 0.8123364448547363 0.6410608887672424 0.04594898223876953 0.060036297887563705
4 0.6510516405105591 0.8843734264373779 0.18754711747169495 0.23125310242176056
5 0.7695139050483704 0.954115092754364 0.03992576524615288 0.04329890012741089
5 0.7692707180976868 0.9608099460601807 0.040763188153505325 0.02681444026529789
