5 0.22631584107875824 0.946441113948822 0.0447571761906147 0.06077738106250763
5 0.22293834388256073 0.7223817110061646 0.04588174819946289 0.060534387826919556
5 0.22325563430786133 0.5624470710754395 0.045351792126894 0.058977801352739334
5 0.8138181567192078 0.6423644423484802 0.04603157192468643 0.061314210295677185
5 0.7754328846931458 0.72263103723526 0.048011016100645065 0.06268960237503052
5 0.22651229798793793 0.3377785086631775 0.04540615156292915 0.06079286336898804
5 0.7719708681106567 0.33871781826019287 0.045397091656923294 0.05928221344947815
5 0.18468180298805237 0.6415066719055176 0.043955136090517044 0.05860725790262222
5 0.7740604281425476 0.5637050271034241 0.04549579694867134 0.05989982560276985
5 0.7705251574516296 0.9630079865455627 0.04045391082763672 0.03452041372656822
1 0.4564952850341797 0.9823545813560486 0.030712319537997246 0.03529093414545059
2 0.7826068997383118 0.8119664788246155 0.011866569519042969 0.01348532922565937
5 0.7705172300338745 0.9558656811714172 0.039502907544374466 0.04797809198498726
