5 0.22278232872486115 0.5614111423492432 0.043881941586732864 0.057178858667612076
5 0.2255961000919342 0.9461848735809326 0.044799137860536575 0.05976616218686104
5 0.7737350463867188 0.7229987382888794 0.047501564025878906 0.06026705726981163
5 0.18331634998321533 0.6425297260284424 0.045458029955625534 0.05953208729624748
5 0.22263193130493164 0.7211179137229919 0.04422512277960777 0.05736285448074341
5 0.7719690799713135 0.33936381340026855 0.04762840270996094 0.06251784414052963
5 0.22534218430519104 0.3368714451789856 0.04546079784631729 0.06013135239481926
5 0.813264012336731 0.6407660841941833 0.04723968729376793 0.06272681057453156
5 0.7737070322036743 0.5612045526504517 0.04647254943847656 0.06061173230409622
5 0.7696358561515808 0.9620085954666138 0.041321851313114166 0.026844000443816185
