4 0.3422187864780426 0.8854349851608276 0.18772678077220917 0.22913005948066711
4 0.343001127243042 0.7080603241920471 0.18536071479320526 0.10638976097106934
4 0.6507471799850464 0.7074392437934875 0.1871718466281891 0.10613453388214111
5 0.7732614874839783 0.56282639503479 0.045824434608221054 0.06064002215862274
5 0.7730611562728882 0.7230808138847351 0.0468144416809082 0.060353703796863556
5 0.22479148209095 0.9463911652565002 0.04411058500409126 0.060000743716955185
5 0.2220727652311325 0.5622905492782593 0.04360561445355415 0.057912424206733704
5 0.22557996213436127 0.3380027115345001 0.0450928695499897 0.05927100032567978
4 0.6506606340408325 0.8859165906906128 0.1880933791399002 0.2281668782234192
5 0.18282407522201538 0.6418889164924622 0.04443562030792236 0.058225248008966446
5 0.22170603275299072 0.7221079468727112 0.04399171099066734 0.058266784995794296
5 0.7704576849937439 0.3398328721523285 0.04651489481329918 0.06260436028242111
5 0.8119802474975586 0.6427776217460632 0.046141814440488815 0.06127483770251274
1 0.11481250822544098 0.4759259819984436 0.016747236251831055 0.027078330516815186
1 0.09274391084909439 0.6270433664321899 0.015537047758698463 0.02465871348977089
5 0.7690662741661072 0.9549205303192139 0.03972473368048668 0.04562295228242874
5 0.7686836123466492 0.9600321650505066 0.04073791578412056 0.032406993210315704
