4 0.3430841267108917 0.8819009065628052 0.1864842027425766 0.23101450502872467
4 0.34347400069236755 0.7041792869567871 0.1857115775346756 0.1076439768075943
4 0.6520750522613525 0.7058193683624268 0.1854395866394043 0.1090335100889206
4 0.6523033976554871 0.8867487907409668 0.1887001097202301 0.22650249302387238
5 0.7738115191459656 0.7193225026130676 0.046323396265506744 0.05983496829867363
5 0.18343687057495117 0.6389989852905273 0.04580383375287056 0.059497810900211334
5 0.22558188438415527 0.33355408906936646 0.0450318343937397 0.05822307989001274
5 0.7715340852737427 0.33532992005348206 0.04679527506232262 0.059679895639419556
5 0.22556333243846893 0.9429371356964111 0.04450683668255806 0.060022152960300446
5 0.8129317164421082 0.6393192410469055 0.04541301727294922 0.059673525393009186
5 0.7733794450759888 0.5586450695991516 0.045726776123046875 0.060582809150218964
5 0.2226666659116745 0.7179644703865051 0.04409799724817276 0.05710062012076378
5 0.22246991097927094 0.55826336145401 0.043732643127441406 0.056012947112321854
5 0.7698354721069336 0.9527238607406616 0.03855095058679581 0.040586087852716446
1 0.5451892018318176 0.054160378873348236 0.017986107617616653 0.023471586406230927
5 0.7695502638816833 0.9595915675163269 0.039888765662908554 0.024462739005684853
