4 0.34353071451187134 0.8830243349075317 0.18781720101833344 0.23020052909851074
4 0.34397491812705994 0.7056742310523987 0.18588104844093323 0.106269471347332
4 0.6523650288581848 0.7046040296554565 0.1867630034685135 0.10666754096746445
5 0.773919403553009 0.7209563255310059 0.04689807817339897 0.05939701944589615
4 0.6521773338317871 0.8854864239692688 0.18912887573242188 0.22902722656726837
5 0.22241373360157013 0.7205631136894226 0.0434751994907856 0.05724639073014259
5 0.18333588540554047 0.6408447027206421 0.046202804893255234 0.06031190976500511
5 0.22558732330799103 0.9450176954269409 0.04445805773139 0.06004279479384422
5 0.22553740441799164 0.33598408102989197 0.04553079605102539 0.05922003090381622
5 0.813763439655304 0.6398235559463501 0.04674797132611275 0.06226210296154022
5 0.7725933790206909 0.3372431695461273 0.04723615571856499 0.06114926561713219
5 0.22220344841480255 0.5599457025527954 0.044295407831668854 0.05758775398135185
5 0.7742606997489929 0.5604338645935059 0.04559612274169922 0.060815706849098206
5 0.7702347636222839 0.9539597034454346 0.0395938865840435 0.04447220265865326
5 0.7701059579849243 0.9602920413017273 0.04044304043054581 0.02850927971303463
