5 0.7734164595603943 0.7230343222618103 0.04748115688562393 0.060085609555244446
5 0.22188472747802734 0.562105655670166 0.04565491899847984 0.060036297887563705
5 0.22558680176734924 0.33770987391471863 0.04594087600708008 0.0595569983124733
5 0.22203503549098969 0.7219817042350769 0.0447077751159668 0.058632489293813705
5 0.1842799037694931 0.6437252163887024 0.044858336448669434 0.061005596071481705
5 0.22516970336437225 0.9466575980186462 0.044074393808841705 0.06122514232993126
5 0.7736111283302307 0.5642460584640503 0.04736032709479332 0.058658991008996964
5 0.8116480708122253 0.6428616046905518 0.04604530334472656 0.06099553033709526
5 0.7706999182701111 0.3390597701072693 0.047307491302490234 0.061769999563694
5 0.7689248919487 0.9625910520553589 0.040785789489746094 0.025999194011092186
