5 0.22270777821540833 0.5601873397827148 0.045205067843198776 0.05837853625416756
5 0.7738755941390991 0.7216588258743286 0.04817571863532066 0.06247005611658096
5 0.2229945957660675 0.7200571298599243 0.04562382772564888 0.05920512229204178
5 0.183516725897789 0.6408168077468872 0.046453237533569336 0.058846812695264816
5 0.22585895657539368 0.9451444745063782 0.0449526309967041 0.06059020012617111
5 0.7736021280288696 0.5608688592910767 0.04662647470831871 0.06111224740743637
5 0.22571983933448792 0.33632636070251465 0.045318603515625 0.05925443395972252
5 0.813262403011322 0.6405622959136963 0.04660001024603844 0.062098875641822815
5 0.7714566588401794 0.338602215051651 0.04736747965216637 0.06308741867542267
5 0.7691919207572937 0.9620653986930847 0.04131507873535156 0.025438791140913963
