5 0.7725276350975037 0.7231538891792297 0.047600746154785156 0.06047666817903519
5 0.22500109672546387 0.9469873309135437 0.04486093670129776 0.060877662152051926
5 0.22211132943630219 0.7224196195602417 0.04545745998620987 0.05958433076739311
5 0.22174377739429474 0.5622004866600037 0.04666795954108238 0.06119201332330704
5 0.18401235342025757 0.643676221370697 0.04547231271862984 0.06273394823074341
5 0.22523505985736847 0.3379298746585846 0.04563179239630699 0.060474757105112076
5 0.7734588384628296 0.564163863658905 0.04780721664428711 0.058307815343141556
5 0.7705690264701843 0.33984777331352234 0.047121431678533554 0.061724063009023666
5 0.8117179870605469 0.6431199908256531 0.047078657895326614 0.06185855716466904
5 0.7680434584617615 0.9627264142036438 0.04038124158978462 0.027268826961517334
