4 0.3435979187488556 0.8837199807167053 0.18705534934997559 0.2298143208026886
4 0.3439716398715973 0.7053338885307312 0.18627385795116425 0.10858625918626785
4 0.6521928906440735 0.7075010538101196 0.18567924201488495 0.10708217322826385
5 0.774012565612793 0.721419095993042 0.04659461975097656 0.060291267931461334
5 0.2228805124759674 0.720615804195404 0.04396972805261612 0.057391270995140076
5 0.18401458859443665 0.6410049796104431 0.04653167724609375 0.05991511791944504
4 0.6525242924690247 0.8873067498207092 0.18955183029174805 0.22538653016090393
5 0.22588670253753662 0.3362101912498474 0.045159962028265 0.05806571617722511
5 0.7721427083015442 0.3375687599182129 0.046526145190000534 0.06103337183594704
5 0.22581379115581512 0.9450368881225586 0.04396352916955948 0.060256607830524445
5 0.22287197411060333 0.5603997707366943 0.04328947141766548 0.056582011282444
5 0.7740137577056885 0.56080162525177 0.045388318598270416 0.06051887571811676
5 0.8135122656822205 0.6414983868598938 0.04536266252398491 0.05999080836772919
1 0.8422992825508118 0.7844170928001404 0.015710068866610527 0.022623782977461815
5 0.7699186205863953 0.9617586135864258 0.04066906124353409 0.02641739323735237
5 0.7697946429252625 0.9531052112579346 0.03909425809979439 0.044489406049251556
