5 0.18350617587566376 0.6414229273796082 0.048262834548950195 0.06225152686238289
5 0.22715876996517181 0.9465441703796387 0.04485001787543297 0.060179390013217926
5 0.22403541207313538 0.7221512794494629 0.04517636448144913 0.05907031148672104
5 0.8144102096557617 0.6417967081069946 0.047441672533750534 0.06346127390861511
5 0.7725662589073181 0.33892250061035156 0.0471981056034565 0.06129293143749237
5 0.7750615477561951 0.7231147885322571 0.04692116007208824 0.06012905761599541
5 0.2272319346666336 0.3377559781074524 0.0456390380859375 0.05932553485035896
5 0.7748956084251404 0.5614736676216125 0.04555502161383629 0.0614185705780983
5 0.22399763762950897 0.5620133876800537 0.04517722129821777 0.05915775150060654
5 0.7705898284912109 0.9620684385299683 0.04166879877448082 0.026966581121087074
