4 0.3456847369670868 0.7049283385276794 0.18720488250255585 0.10873190313577652
4 0.6538289785385132 0.7051596641540527 0.18567438423633575 0.10847362130880356
4 0.34508925676345825 0.8840058445930481 0.1887378692626953 0.23198845982551575
5 0.2238033264875412 0.7205944061279297 0.04400215297937393 0.05833623185753822
4 0.6530396938323975 0.8854329586029053 0.18817377090454102 0.22913414239883423
5 0.7753371000289917 0.7214040160179138 0.046332549303770065 0.060609057545661926
5 0.22721396386623383 0.33667272329330444 0.04553375393152237 0.05964498221874237
5 0.22694142162799835 0.945379912853241 0.044722940772771835 0.060180921107530594
5 0.7726426124572754 0.33834439516067505 0.04671678692102432 0.061742477118968964
5 0.8136371970176697 0.6419441103935242 0.0460941307246685 0.059583693742752075
5 0.7754098773002625 0.5632988810539246 0.047164347022771835 0.05851169303059578
5 0.22383175790309906 0.5611734986305237 0.04497985914349556 0.059109173715114594
5 0.18552614748477936 0.6416096091270447 0.045807626098394394 0.06028056517243385
5 0.7705636024475098 0.954160213470459 0.03926734998822212 0.04423277825117111
5 0.7703911662101746 0.9608123898506165 0.04026508331298828 0.027563044801354408
