4 0.342969 0.884134 0.189062 0.231733
4 0.342969 0.705637 0.185938 0.108559
4 0.650781 0.705637 0.185938 0.108559
5 0.773438 0.721294 0.046875 0.060543
5 0.221875 0.560543 0.043750 0.056367
5 0.225781 0.944676 0.045312 0.060543
4 0.650781 0.886221 0.189062 0.227557
5 0.222656 0.722338 0.045312 0.058455
5 0.773438 0.562630 0.046875 0.060543
5 0.225781 0.336117 0.045312 0.058455
5 0.184375 0.640919 0.043750 0.058455
5 0.771094 0.339248 0.045312 0.060543
5 0.812500 0.640919 0.046875 0.062630
5 0.768750 0.959290 0.040625 0.031315
2 0.335938 0.139875 0.015625 0.020877
1 0.135937 0.823591 0.015625 0.043841
