5 0.7735801935195923 0.7209179997444153 0.04712791368365288 0.06017607823014259
5 0.2218984216451645 0.7201842069625854 0.044475603848695755 0.05944250896573067
5 0.8121935129165649 0.639636218547821 0.047704268246889114 0.0638304129242897
5 0.22190804779529572 0.5600892901420593 0.045342158526182175 0.05851653218269348
5 0.22464342415332794 0.9454264640808105 0.044466305524110794 0.06055069714784622
5 0.22521638870239258 0.3358248174190521 0.04549140855669975 0.058586105704307556
5 0.7710927128791809 0.3375738561153412 0.04684124141931534 0.06138308346271515
5 0.773304283618927 0.5605467557907104 0.04589557647705078 0.060024477541446686
5 0.18338485062122345 0.6413381099700928 0.044905759394168854 0.05908993259072304
5 0.7686977386474609 0.961879551410675 0.04094104841351509 0.026173505932092667
