5 0.1837831735610962 0.6411918997764587 0.047472525388002396 0.06176961958408356
5 0.7736557126045227 0.7220262885093689 0.04696808010339737 0.06075839698314667
5 0.22288000583648682 0.720705509185791 0.044994354248046875 0.05862165614962578
5 0.2256840318441391 0.9457259774208069 0.04496922716498375 0.06050967052578926
5 0.2227112352848053 0.5611078143119812 0.044714927673339844 0.059083305299282074
5 0.8134016394615173 0.6409363150596619 0.04716181755065918 0.06235295534133911
5 0.7722694277763367 0.33745139837265015 0.046880532056093216 0.061755791306495667
5 0.22562995553016663 0.33635416626930237 0.04530325159430504 0.05969824641942978
5 0.7739800810813904 0.5602017045021057 0.045887090265750885 0.061524491757154465
5 0.7699126601219177 0.9625166654586792 0.041612815111875534 0.025685735046863556
