5 0.22698159515857697 0.9489096403121948 0.04478655010461807 0.06028132885694504
5 0.7749678492546082 0.7253782749176025 0.04666414484381676 0.060332041233778
5 0.8140994906425476 0.644280731678009 0.04693255573511124 0.06218399479985237
5 0.774486243724823 0.5643506646156311 0.04387550428509712 0.05924666300415993
5 0.1842820793390274 0.6443773508071899 0.04706170782446861 0.058754049241542816
5 0.22396735846996307 0.7237988710403442 0.04517693445086479 0.05967123061418533
5 0.772741973400116 0.34117984771728516 0.046271707862615585 0.06110001727938652
5 0.22732281684875488 0.3394744396209717 0.04547720029950142 0.05984968692064285
5 0.2240608185529709 0.5637738108634949 0.04501857981085777 0.05830411985516548
5 0.77055823802948 0.9628992080688477 0.041167642921209335 0.02928260527551174
