5 0.22191710770130157 0.5612615346908569 0.04421747848391533 0.05768319219350815
5 0.22418108582496643 0.9468812942504883 0.04385023191571236 0.05964192375540733
5 0.7733606100082397 0.7228698134422302 0.04676571115851402 0.05940874293446541
5 0.18315337598323822 0.6426211595535278 0.04571967199444771 0.05939408764243126
5 0.22152738273143768 0.7217839360237122 0.0441531203687191 0.05837458372116089
5 0.7730278968811035 0.5621135234832764 0.0451749823987484 0.06069974973797798
5 0.7712710499763489 0.33902084827423096 0.04670906066894531 0.06220635771751404
5 0.8121159672737122 0.640955924987793 0.04707794263958931 0.06361749023199081
5 0.2249375432729721 0.3374207019805908 0.04583282396197319 0.05970856547355652
5 0.7685405611991882 0.9627510905265808 0.04034252092242241 0.025705358013510704
