5 0.1830231249332428 0.6406775116920471 0.04861168935894966 0.06255798041820526
5 0.7733455300331116 0.7220603227615356 0.047278404235839844 0.06182033196091652
5 0.22269760072231293 0.7210904955863953 0.04432535171508789 0.05722115933895111
5 0.22249288856983185 0.5615735054016113 0.045150961726903915 0.06033242493867874
5 0.8130899667739868 0.6411321759223938 0.04681453853845596 0.06252267956733704
5 0.22548794746398926 0.9454593062400818 0.04518184810876846 0.06089244410395622
5 0.7715814709663391 0.3387812077999115 0.04699115827679634 0.06123412773013115
5 0.22577503323554993 0.3370685577392578 0.04520421102643013 0.05967722088098526
5 0.7734351754188538 0.5604128241539001 0.0460357666015625 0.06098686531186104
5 0.7693948745727539 0.9616925120353699 0.04087677225470543 0.025767285376787186
