5 0.22578060626983643 0.9480917453765869 0.045004703104496 0.05951424688100815
5 0.773502767086029 0.724140465259552 0.04735727235674858 0.06137741357088089
5 0.7735709547996521 0.5649409294128418 0.04534196853637695 0.05747269093990326
5 0.18360304832458496 0.6446532011032104 0.04596757888793945 0.061138495802879333
5 0.22257255017757416 0.7231764197349548 0.0450836680829525 0.059377141296863556
5 0.222279891371727 0.5636917352676392 0.045727431774139404 0.05886949226260185
5 0.771280825138092 0.34051713347435 0.04624032974243164 0.06088314205408096
5 0.22543640434741974 0.3386818468570709 0.04621181637048721 0.06044882535934448
5 0.8129116892814636 0.6443544626235962 0.046022605150938034 0.06115391477942467
5 0.769251823425293 0.9630439877510071 0.04022827371954918 0.028466975316405296
1 0.9139701724052429 0.8424951434135437 0.018495559692382812 0.024921966716647148
