4 0.342969 0.882046 0.185938 0.231733
4 0.342969 0.703549 0.185938 0.108559
4 0.652344 0.706681 0.185938 0.106472
5 0.182812 0.639875 0.046875 0.060543
5 0.773438 0.719207 0.046875 0.060543
4 0.651563 0.886221 0.187500 0.227557
5 0.225781 0.944676 0.045312 0.060543
5 0.225781 0.334029 0.045312 0.058455
5 0.771875 0.336117 0.046875 0.062630
5 0.222656 0.559499 0.045312 0.058455
5 0.221875 0.718163 0.043750 0.058455
5 0.813281 0.639875 0.045312 0.060543
5 0.773438 0.558455 0.046875 0.060543
5 0.769531 0.959290 0.039062 0.027140
