4 0.342969 0.883090 0.185938 0.233820
4 0.343750 0.703549 0.184375 0.108559
4 0.652344 0.703549 0.185938 0.108559
5 0.812500 0.637787 0.046875 0.060543
5 0.185156 0.639875 0.045312 0.060543
5 0.225781 0.942589 0.045312 0.060543
5 0.773438 0.718163 0.046875 0.058455
5 0.222656 0.559499 0.045312 0.058455
5 0.225781 0.334029 0.045312 0.058455
5 0.771094 0.336117 0.045312 0.058455
4 0.651563 0.883090 0.187500 0.233820
5 0.222656 0.718163 0.045312 0.058455
5 0.773438 0.560543 0.046875 0.060543
5 0.768750 0.960334 0.040625 0.025052
