5 0.7739174962043762 0.7189984917640686 0.04683838039636612 0.05917326733469963
5 0.8128318786621094 0.6394773125648499 0.045301105827093124 0.05988657474517822
5 0.7717286348342896 0.33603358268737793 0.046822547912597656 0.059888806194067
5 0.22589436173439026 0.3341394364833832 0.044507503509521484 0.05697249621152878
5 0.22261682152748108 0.5584417581558228 0.04404478147625923 0.057179078459739685
5 0.22573809325695038 0.9432035684585571 0.04442281648516655 0.06058650463819504
5 0.18443737924098969 0.639343798160553 0.044510819017887115 0.05701206251978874
5 0.7742159962654114 0.560244083404541 0.04782753065228462 0.06028617173433304
5 0.2227647304534912 0.7184397578239441 0.04445018991827965 0.05811260640621185
1 0.2332995980978012 0.43417277932167053 0.020604802295565605 0.026076283305883408
5 0.7691488862037659 0.9599693417549133 0.04116049036383629 0.024704840034246445
