4 0.343750 0.884134 0.187500 0.231733
4 0.344531 0.705637 0.185938 0.108559
4 0.652344 0.705637 0.185938 0.108559
5 0.773438 0.721294 0.046875 0.060543
4 0.652344 0.886221 0.189062 0.227557
5 0.223438 0.720251 0.043750 0.058455
5 0.222656 0.560543 0.045312 0.060543
5 0.226562 0.944676 0.043750 0.060543
5 0.226562 0.336117 0.046875 0.058455
5 0.812500 0.639875 0.046875 0.060543
5 0.185156 0.641962 0.045312 0.060543
5 0.774219 0.562630 0.045312 0.060543
5 0.771875 0.338205 0.046875 0.058455
5 0.770312 0.961378 0.040625 0.027140
