5 0.774005651473999 0.7192638516426086 0.04809980466961861 0.06147756800055504
5 0.8132354617118835 0.6392108798027039 0.0467037670314312 0.06066104769706726
5 0.2256937474012375 0.9436598420143127 0.04538583755493164 0.06081879511475563
5 0.18398438394069672 0.6399343609809875 0.04686427116394043 0.05964753031730652
5 0.22272534668445587 0.5585244297981262 0.04495811462402344 0.057498302310705185
5 0.7724379897117615 0.33566150069236755 0.047055818140506744 0.060439333319664
5 0.22568292915821075 0.3335055410861969 0.04490509256720543 0.058388855308294296
5 0.22291941940784454 0.7183698415756226 0.044867899268865585 0.058292143046855927
5 0.7741913199424744 0.5589609742164612 0.04635200649499893 0.06051578372716904
5 0.7693886756896973 0.9609047770500183 0.04096107557415962 0.02438029646873474
