5 0.1828191578388214 0.6389882564544678 0.046970367431640625 0.06106777861714363
5 0.7738468050956726 0.7197151184082031 0.04736213758587837 0.06036287918686867
5 0.2258375734090805 0.9438572525978088 0.04498405382037163 0.06015823781490326
5 0.22229166328907013 0.559605062007904 0.04475722461938858 0.05830857902765274
5 0.7719302177429199 0.3365648090839386 0.047617342323064804 0.061901118606328964
5 0.8132757544517517 0.6393178701400757 0.046762656420469284 0.061453867703676224
5 0.22536706924438477 0.3339323401451111 0.045832253992557526 0.05881839618086815
5 0.22281375527381897 0.7185206413269043 0.04434986039996147 0.0576368123292923
5 0.7736905217170715 0.5587659478187561 0.046134378761053085 0.05984235927462578
5 0.7695502638816833 0.9609341025352478 0.04165973886847496 0.025016769766807556
