5 0.22548766434192657 0.9483475685119629 0.044585611671209335 0.059291258454322815
5 0.22225181758403778 0.5638540387153625 0.045800257474184036 0.059158869087696075
5 0.7728740572929382 0.564681351184845 0.044338226318359375 0.05872270092368126
5 0.7733818292617798 0.7251401543617249 0.04681816324591637 0.06073138490319252
5 0.2225094884634018 0.7236230969429016 0.04496917873620987 0.058938171714544296
5 0.7708956003189087 0.34113171696662903 0.046720124781131744 0.061767514795064926
5 0.18337541818618774 0.6431601047515869 0.04563014581799507 0.05800939351320267
5 0.8130504488945007 0.6437694430351257 0.04530029371380806 0.06042824685573578
5 0.2250085175037384 0.3387816250324249 0.04592461511492729 0.06015428900718689
1 0.841176450252533 0.7376533150672913 0.017296601086854935 0.025996899232268333
5 0.7694589495658875 0.9626671671867371 0.0399896614253521 0.028165750205516815
