5 0.22267594933509827 0.5606850981712341 0.0453181266784668 0.05841115489602089
5 0.2227495163679123 0.7211863398551941 0.045659780502319336 0.05891103297472
5 0.7737793326377869 0.7220714092254639 0.04740038141608238 0.062226552516222
5 0.22579513490200043 0.9452876448631287 0.045259859412908554 0.061236992478370667
5 0.22497926652431488 0.3365766704082489 0.04496145248413086 0.0595020167529583
5 0.1834169179201126 0.6410698294639587 0.04553227499127388 0.05892785266041756
5 0.7733038067817688 0.5613830089569092 0.04688405990600586 0.06147071719169617
5 0.8126056790351868 0.6409177184104919 0.04692954942584038 0.06204153597354889
5 0.7711864709854126 0.33868977427482605 0.0472627654671669 0.06179242581129074
5 0.7688644528388977 0.9626359343528748 0.040105532854795456 0.027614394202828407
