5 0.7737519145011902 0.7198934555053711 0.047338105738162994 0.06109415367245674
5 0.1832442283630371 0.6392681002616882 0.0464596264064312 0.06143347918987274
5 0.2254946231842041 0.3342372179031372 0.04543457180261612 0.05884426459670067
5 0.7716510891914368 0.33659684658050537 0.0474458709359169 0.061384040862321854
5 0.2253590077161789 0.9443162679672241 0.04448080062866211 0.060611095279455185
5 0.8128742575645447 0.6384351849555969 0.046584129333496094 0.0632028579711914
5 0.22233633697032928 0.5597628355026245 0.04548611864447594 0.05966397002339363
5 0.7730183601379395 0.5588102340698242 0.04569606855511665 0.05951666831970215
5 0.22250805795192719 0.7184888124465942 0.044252585619688034 0.05817389488220215
5 0.7687471508979797 0.9612066149711609 0.04073143005371094 0.02495943009853363
