5 0.7737628221511841 0.7193528413772583 0.046913813799619675 0.06069417670369148
5 0.18352587521076202 0.6390683650970459 0.045786239206790924 0.05957464501261711
5 0.8124359250068665 0.6396058797836304 0.04652233049273491 0.06086823344230652
5 0.2253222018480301 0.9432918429374695 0.0452386848628521 0.060111094266176224
5 0.7713179588317871 0.3353216052055359 0.046908188611269 0.059538714587688446
5 0.2254510372877121 0.33362263441085815 0.04516763612627983 0.05841115489602089
5 0.7732009291648865 0.5585634112358093 0.046067237854003906 0.06121402606368065
5 0.22230584919452667 0.5586247444152832 0.04475707933306694 0.057270824909210205
5 0.2226550132036209 0.7184891104698181 0.04482412338256836 0.058054372668266296
5 0.7688755393028259 0.9607715010643005 0.04097137600183487 0.024434706196188927
