5 0.225000 0.946764 0.043750 0.060543
5 0.182812 0.641962 0.046875 0.060543
5 0.221875 0.721294 0.043750 0.056367
5 0.773438 0.723382 0.046875 0.060543
5 0.773438 0.561587 0.046875 0.062630
5 0.221094 0.561587 0.045312 0.058455
5 0.812500 0.640919 0.046875 0.062630
5 0.771094 0.338205 0.048438 0.062630
5 0.224219 0.338205 0.045312 0.058455
5 0.768750 0.962422 0.040625 0.025052
2 0.316406 0.435282 0.051562 0.031315
2 0.212500 0.068894 0.134375 0.133612
2 0.245312 0.239040 0.025000 0.089770
2 0.379688 0.088727 0.031250 0.173278
