4 0.342969 0.884134 0.185938 0.231733
4 0.342969 0.703549 0.185938 0.108559
5 0.773438 0.720251 0.046875 0.058455
4 0.652344 0.706681 0.185938 0.106472
5 0.225000 0.944676 0.043750 0.060543
5 0.221875 0.719207 0.043750 0.056367
5 0.183594 0.640919 0.045312 0.058455
5 0.771875 0.336117 0.046875 0.062630
5 0.221875 0.558455 0.043750 0.056367
5 0.813281 0.638831 0.045312 0.062630
5 0.225781 0.334029 0.045312 0.058455
4 0.651563 0.885177 0.187500 0.229645
5 0.772656 0.559499 0.045312 0.058455
5 0.769531 0.954071 0.039062 0.041754
5 0.769531 0.960334 0.039062 0.025052
2 0.647656 0.637787 0.014063 0.027140
